ESCG	MetaAn_70	MetaAn_1	MetaAn_2	MetaAn_3	MetaAn_4	MetaAn_5	MetaAn_6	MetaAn_7	MetaAn_8	MetaAn_9	MetaAn_10	MetaAn_11	MetaAn_12	MetaAn_13	MetaAn_14	MetaAn_15	MetaAn_16	MetaAn_71	MetaAn_72	MetaAn_73	MetaAn_74	MetaAn_75	MetaAn_76	MetaAn_77	MetaAn_78	MetaAn_79	MetaAn_80	MetaAn_81	MetaAn_82	MetaAn_83	MetaAn_84	MetaAn_50	MetaAn_54	MetaAn_55	MetaAn_53	MetaAn_57	MetaAn_58	MetaAn_56	MetaAn_60	MetaAn_59	MetaAn_63	MetaAn_68	MetaAn_64	MetaAn_66	MetaAn_69	MetaAn_65	MetaAn_67	MetaAn_61	MetaAn_62	MetaAn_20	MetaAn_17	MetaAn_19	MetaAn_18	MetaAn_27	MetaAn_29	MetaAn_30	MetaAn_28	MetaAn_31	MetaAn_32	MetaAn_33	MetaAn_34	MetaAn_35	MetaAn_37	MetaAn_36	MetaAn_38	MetaAn_40	MetaAn_41	MetaAn_39	MetaAn_43	MetaAn_44	MetaAn_45	MetaAn_46	MetaAn_47	MetaAn_21	MetaAn_22	MetaAn_23	MetaAn_24	MetaAn_26	MetaAn_25	MetaAn_49	MetaAn_48
S3.1.ribosomal_protein_L2_rplB	0.92267024	0.830038495	0.930642117	0.870987764	0.987622853	0.959997395	0.967504411	0.884771672	0.906352317	0.908380658	0.880590382	0.987653279	0.901982853	0.904045347	0.992068993	0.9901404	0.952660209	0.991749722	0.946692098	0.79191383	0.895222492	0.985006821	0.961763237	0.96432389	0.985508042	0.990435375	0.991452995	0.908316837	0.940123641	0.970450197	0.971465215	0.90081068	0.952341846	0.932822209	0.88028928	0.910003499	0.890434318	0.934487681	0.970325163	0.921606461	0.845659168	0.919555045	0.896756371	0.847263491	0.942756389	0.895853368	0.960155895	0.936422726	0.845566549	0.916072341	0.830872714	0.977717389	0.867824659	0.731029458	0.89178175	0.756666066	0.844628962	0.79742703	0.687618931	0.787102109	0.848810194	0.811543875	0.841154193	0.847047364	0.839434217	0.722290616	0.766706614	0.884672963	0.775720898	0.772221716	0.955662046	0.906653278	0.841911887	0.964168037	0.968290892	0.9166617	0.800779078	0.8636165	0.912583163	0.98459005	0.978694457
S3.10.ribosomal_protein_S19_rpsS	0.911225439	0.818225953	0.910330274	0.857138168	0.981605679	0.950470793	0.962175702	0.880691719	0.874066304	0.862787242	0.8808235	0.987297569	0.882619216	0.854091315	0.991048712	0.989197607	0.938606815	0.983379122	0.943299232	0.756890635	0.896513614	0.988420442	0.937802678	0.951049676	0.983236287	0.984968264	0.986895073	0.911290871	0.93431954	0.959224909	0.969083667	0.875478694	0.937390957	0.934532345	0.882288495	0.918392599	0.894200245	0.938690279	0.973438288	0.921037673	0.855739544	0.921595073	0.918169195	0.855350867	0.943098768	0.888408106	0.952532766	0.929722404	0.820703266	0.896687696	0.81422216	0.968824857	0.86280051	0.732770264	0.858343536	0.765232297	0.840842296	0.764972296	0.682608376	0.799378377	0.839784117	0.826241934	0.813494622	0.832233286	0.82346468	0.697638096	0.737824501	0.85024068	0.747638119	0.787674571	0.929298483	0.891670268	0.842171017	0.961573276	0.963086265	0.905778762	0.787316521	0.828365006	0.924632716	0.978580065	0.973689763
S3.11.pheS	0.914798575	0.83996383	0.914984878	0.880863938	0.98658213	0.959915074	0.964057388	0.905080314	0.913045399	0.905289092	0.887820805	0.988559995	0.896114692	0.887388095	0.991010415	0.994449817	0.964826066	0.986636712	0.97638263	0.810995599	0.899867518	0.987354533	0.9524573	0.949106742	0.990535442	0.988752021	0.990690337	0.90828327	0.943858549	0.968830558	0.97415088	0.89896372	0.958749272	0.938858635	0.891487579	0.908904247	0.900061536	0.949360636	0.979163427	0.924399941	0.922967325	0.933277509	0.95251583	0.84022022	0.950567236	0.895228718	0.959152442	0.935241016	0.88118893	0.913214983	0.834960614	0.975020653	0.866041101	0.699324965	0.886237627	0.739531933	0.859910115	0.77498925	0.683355626	0.778677855	0.846835207	0.785767548	0.814482112	0.845509255	0.830941997	0.663363069	0.763034257	0.851770438	0.766826347	0.772511742	0.934845453	0.901036955	0.83398771	0.972612665	0.9695632	0.914036936	0.764541391	0.860642455	0.934988221	0.986751561	0.990582935
S3.12.ribosomal_L1	0.92915903	0.840992912	0.921343498	0.868551747	0.985819293	0.959953179	0.960914532	0.885255251	0.90565806	0.892023612	0.882229686	0.989731851	0.884669989	0.895670923	0.99253944	0.990143894	0.955485126	0.99043333	0.969518545	0.780622575	0.894933916	0.988562976	0.960481	0.957990672	0.99038969	0.986606935	0.988101574	0.909954777	0.938229211	0.96589947	0.972614304	0.894465426	0.956291572	0.942504873	0.907847789	0.912543146	0.85488137	0.940747918	0.972820241	0.933140637	0.899660363	0.927895927	0.95387394	0.827663877	0.944633902	0.901688818	0.961561331	0.941813436	0.843857724	0.917989625	0.830002847	0.973030549	0.876920058	0.691458019	0.889119732	0.75813027	0.870324236	0.779880077	0.682916913	0.790146684	0.837720778	0.815444206	0.855616133	0.847826988	0.82697972	0.718549004	0.767537455	0.868207198	0.771961378	0.785202946	0.957717112	0.901240383	0.854251645	0.972170443	0.968346198	0.917464346	0.805419299	0.859860894	0.920499304	0.972880969	0.972993677
S3.13.ribosomal_S9	0.896292348	0.849248333	0.926575846	0.862911407	0.984580867	0.962464484	0.962658731	0.891346409	0.882873503	0.906448354	0.874831089	0.985589307	0.899074503	0.876384064	0.993656553	0.991203432	0.960914612	0.989098411	0.950430207	0.812625879	0.904856793	0.987071249	0.950104785	0.951447243	0.991457151	0.986978393	0.98819734	0.906078136	0.938848664	0.972143756	0.970047189	0.882977966	0.957266145	0.937920571	0.906256535	0.939818651	0.883388386	0.949810189	0.966104376	0.925401667	0.861385814	0.93172439	0.948853794	0.838152097	0.946831729	0.906674678	0.961770095	0.941059493	0.842895039	0.92126912	0.833998066	0.974214203	0.863960112	0.712469292	0.91409573	0.751509	0.861838497	0.793613556	0.682461774	0.79338115	0.851708603	0.783322667	0.831378638	0.847477267	0.838968774	0.665578419	0.738805287	0.869030217	0.761554566	0.768154605	0.958264166	0.916228628	0.848759561	0.963912495	0.97368118	0.91569701	0.795420296	0.866915003	0.920636687	0.986705473	0.976689363
S3.14.hisS	0.943954489	0.839621106	0.934340264	0.89111006	0.987199456	0.963867811	0.964175974	0.927581184	0.903932046	0.904600926	0.895546974	0.993263999	0.876888734	0.88476356	0.994740258	0.998142906	0.985625416	0.994003017	0.975284388	0.806522681	0.906758511	0.990309505	0.967770251	0.952255365	0.988822119	0.983903296	0.991086042	0.906991657	0.944623659	0.972787744	0.970944249	0.904538987	0.958500301	0.939650705	0.890230396	0.932735436	0.896488743	0.951398858	0.978758346	0.93698665	0.930439705	0.93547624	0.955910337	0.837939227	0.953532811	0.908677713	0.965854264	0.943115165	0.852794589	0.924602936	0.816434294	0.978956709	0.874925488	0.725344502	0.87209264	0.748707589	0.860764893	0.784103871	0.698030944	0.79163183	0.844230363	0.807563755	0.846677685	0.845713645	0.828920033	0.715617039	0.783190887	0.862424547	0.763008679	0.780647487	0.950263718	0.906529485	0.844576721	0.972285138	0.971582084	0.925131648	0.770909731	0.856231734	0.92480001	0.979761439	0.992854574
S3.15.glyS_dimeric	0.965094532	0.821638063	0.902958856	0.868886998	0.97636166	0.955841928	0.952594342	0.912975376	0.920265018	0.925143707	0.887547461	0.99709145	0.903497301	0.95383127	0.990943845	0.99788802	0.933008301	0.994368647	0.992414318	0.745291442	0.869339167	0.993040439	0.962485849	0.953474894	0.987706155	0.984201077	0.986926752	0.830628437	0.934578239	0.968895022	0.969359005	0.900269346	0.908670564	0.905367956	0.899637318	0.931405884	0.917189256	0.918817807	0.975807105	0.919530603	0.942543102	0.916506077	0.927670728	0.88370879	0.942444819	0.890886722	0.949556674	0.922612067	0.789178227	0.921171952	0.8088657	0.969265629	0.864214751	0.705904077	0.837647353	0.736686452	0.823305076	0.745532937	0.694101519	0.787883494	0.821659642	0.792456882	0.840255975	0.832128712	0.812619376	0.697382645	0.720808118	0.859726331	0.74639476	0.768540481	0.902969766	0.896151667	0.812921141	0.971550922	0.966800108	0.942358494	0.769540918	0.861508414	0.948951328	0.987544954	0.981574119
S3.16.SRP_SPB	0.946827539	0.842223515	0.939741438	0.892901528	0.98723385	0.963236382	0.968491743	0.919958497	0.903173163	0.913151473	0.900113266	0.992442038	0.895191608	0.915063751	0.99210445	0.992379206	0.962806513	0.989692526	0.984379635	0.832148157	0.912080643	0.991396763	0.967302813	0.971871825	0.989376555	0.983799364	0.992418808	0.881845687	0.941579951	0.969267975	0.97719002	0.89710467	0.963692727	0.934778895	0.912837702	0.924594289	0.922721244	0.939429003	0.978779554	0.925406101	0.938544324	0.939540279	0.951237068	0.862281568	0.954051496	0.916977158	0.972038704	0.95009773	0.862220676	0.931546792	0.845576232	0.977089998	0.888045367	0.7736694	0.874339872	0.804142325	0.874691247	0.824631679	0.732224401	0.827883409	0.863010161	0.832942126	0.863249679	0.87299019	0.860747253	0.746935398	0.804017866	0.886203337	0.799909253	0.825365612	0.956193771	0.921881764	0.874098039	0.972589194	0.973402418	0.933836648	0.822274839	0.872356511	0.935791103	0.986464519	0.976831935
S3.18.EIF_2_alpha	0.980848483	0.862330936	0.931523344	0.903214375	0.981701569	0.958589889	0.967745239	0.917610899	0.931891544	0.92452099	0.916714192	0.992622906	0.896167921	0.922996174	0.993594784	0.987401826	0.969167761	0.987272856	0.988862652	0.813107909	0.914167729	0.988638032	0.977460696	0.960876607	0.994446975	0.99269834	0.992168538	0.866649123	0.956253908	0.974331975	0.976011771	0.913443847	0.949276758	0.93463151	0.945338835	0.93853131	0.92138697	0.938476485	0.980064631	0.945948894	0.928807979	0.950325621	0.951846842	0.864224477	0.953377363	0.906531445	0.968364176	0.951328083	0.870640581	0.927563158	0.834298095	0.974346915	0.875102639	0.717512406	0.882447169	0.770159035	0.874243505	0.803698586	0.715649825	0.80044801	0.836288086	0.829284837	0.847211035	0.850469817	0.837270587	0.720631548	0.744229639	0.888706525	0.777255693	0.791782728	0.936398853	0.902868492	0.872499598	0.977871592	0.979043075	0.948605619	0.781962498	0.879193248	0.933336533	0.98628741	0.980304738
S3.2.ribosomal_protein_L3_rplC	0.913712848	0.823504487	0.92004031	0.863748647	0.979260552	0.959802716	0.968160896	0.895235102	0.890922191	0.895412642	0.876440511	0.981660365	0.892551345	0.888523022	0.990224923	0.991539541	0.970309185	0.989951134	0.937222664	0.795221668	0.908814242	0.989120124	0.964449566	0.945330961	0.987283341	0.985003223	0.989619827	0.892166479	0.934993381	0.963434676	0.970819437	0.905404278	0.954807792	0.945689664	0.901309091	0.932436703	0.908283007	0.953441753	0.96457996	0.921733643	0.912988115	0.935735398	0.946616609	0.854010886	0.94410715	0.900791687	0.96285944	0.942407311	0.840503607	0.884385583	0.834792028	0.97175327	0.876456615	0.721940412	0.881755646	0.748347205	0.853910361	0.795387532	0.678872592	0.781080545	0.857938267	0.829003244	0.857481472	0.857652675	0.841654625	0.703142206	0.76500683	0.885036843	0.76049389	0.772576605	0.956011834	0.910253982	0.860074732	0.975136934	0.970464007	0.909776106	0.762533217	0.866713132	0.910325391	0.990420397	0.965924586
S3.22.gatD_arch	0.943421702	0.873796411	0.957553304	0.895476757	0.988247222	0.967227046	0.974634683	0.896858987	0.950234921	0.918347541	0.882684055	0.990394747	0.830380491	0.861064028	0.996185128	0.995705969	0.987000576	0.988489743	0.987160738	0.756886465	0.910732165	0.98844035	0.989929884	0.978225938	0.985528136	0.989495117	0.993768103	0.639523954	0.966241621	0.983208318	0.984069786	0.935405705	0.977165719	0.983418589	0.877404302	0.895030048	0.828551054	0.952762421	0.963378409	0.952285397	0.891879697	0.943745425	0.94682499	0.85112576	0.938115947	0.936340866	0.959600392	0.943998241	0.859437439	0.958099833	0.765062689	0.96863592	0.860339109	0.674467625	0.868623638	0.66402606	0.82866993	0.743426197	0.56976281	0.709782796	0.849570405	0.746204494	0.86017859	0.914993877	0.895541073	0.713039494	0.762278036	0.896402565	0.856716495	0.844519999	0.927034743	0.935767354	0.772726558	0.973974295	0.986944298	0.923780487	0.795693855	0.762527482	0.961076846	0.882796963	0.979814453
S3.23.KOW_elon_Spt5	0.967480689	0.919447777	0.971051622	0.871357071	0.993261881	0.970998956	0.961786935	0.926617559	0.99274055	0.954165541	0.832234115	0.993879505	0.974994257	0.9266564	1	0.993462557	0.897465994	1	1	0.781413757	0.866085733	0.993739789	0.930741682	0.953714417	0.991708657	0.974786402	0.995045774	0.96800955	0.941343013	0.971098299	0.982709192	0.919998841	0.934710623	0.969137662	0.862192743	0.881010808	0.901321977	0.982318496	0.972003274	0.80328979	0.912364673	0.938814756	0.961832165	0.804867908	0.947650346	0.885671526	0.957068012	0.954481152	0.877002956	0.910655192	0.933825816	0.943744412	0.891475525	0.85133482	0.844827886	0.949566939	0.857970881	0.926193363	0.941790641	0.94791086	0.919061428	0.945694605	0.938178815	0.949404514	0.894216475	0.925024843	0.924431978	0.917213982	0.935479078	0.932891357	0.941512515	0.940384717	0.915840718	0.962150002	0.969220051	0.92652233	0.897391489	0.924130939	0.873384581	0.996185128	0.986797731
S3.3.ribosomal_protein_L14b_L23e_rplN	0.86359687	0.816395803	0.915861086	0.869430702	0.984190175	0.955727158	0.955942223	0.882908145	0.866419519	0.879564425	0.871403715	0.992245866	0.896806726	0.893010511	0.994729709	0.991971601	0.974814097	0.98296669	0.94752849	0.76646325	0.876703964	0.984462194	0.946072673	0.949388283	0.985435753	0.990021254	0.985433987	0.910737343	0.933913744	0.964383878	0.971824024	0.90019642	0.946954652	0.915026883	0.91299268	0.900710187	0.884481404	0.934509167	0.968522429	0.916428254	0.879710721	0.925025325	0.918625427	0.85041616	0.945128129	0.89554093	0.957279291	0.940330289	0.838655402	0.900706953	0.836688581	0.971226171	0.872633844	0.698838783	0.87350967	0.748189549	0.835712706	0.766848899	0.681666361	0.774001968	0.833705624	0.802093593	0.824791502	0.856383463	0.829165183	0.675851478	0.722231017	0.858690409	0.697553424	0.764189842	0.942161994	0.891313118	0.840299282	0.957081172	0.969788333	0.918888234	0.776824025	0.83756829	0.924590337	0.981199724	0.977440265
S3.33.ribosomal_S4e	0.984858662	0.98373436	0.866031374	0.9626076	0.992796697	0.955020781	0.950098265	0.987746624	0.811856372	0.953761886	0.950216031	1	0.907319354	0.864646365	1	1	0.962961065	0.990287117	0.977509919	0.809312022	0.933837146	0.933991142	0.930942186	0.920619836	1	0.994881369	0.974627644	0.93809243	0.963127322	0.927626172	0.917802371	0.953520667	0.92562681	0.989540556	0.986925695	1	0.972543828	0.94133786	0.964168374	0.916004464	0.941935369	0.91692683	0.921471031	0.766512636	0.917786136	0.801474053	0.952890365	0.929961486	0.859747593	0.974994257	0.934674394	0.97141257	0.928374858	0.952657364	0.920526063	0.94474142	0.662693988	0.919391224	0.879929028	0.918313382	0.960794753	0.962627239	0.897357135	0.932921626	0.967265373	0.96837107	0.960592748	0.926767469	0.923654938	0.942747864	0.961441877	0.951985165	0.780744789	0.973057321	0.980881662	0.966677822	1	0.975373008	0.971147973	1	1
S3.37.uS4_arch	0.935745462	0.829748574	0.911696951	0.875369857	0.981235727	0.955138503	0.96049644	0.893728129	0.899817063	0.900003597	0.885833564	0.987923675	0.913004403	0.881707982	0.99309468	0.988278754	0.933006862	0.986102359	0.975958477	0.786546335	0.88470156	0.984124808	0.956437299	0.939337809	0.98934613	0.988237061	0.988898978	0.901740916	0.943787791	0.96734746	0.974478824	0.904584296	0.954620487	0.938244887	0.903581421	0.929082955	0.899296234	0.961502139	0.970391027	0.926059989	0.871286032	0.935827824	0.918870411	0.845910033	0.935832457	0.907383064	0.960585941	0.939894936	0.840441337	0.915878297	0.825049784	0.974755659	0.862623022	0.696473775	0.887146023	0.730019438	0.842693522	0.777510622	0.675332457	0.785644154	0.845164854	0.801905291	0.817784006	0.854578456	0.843585099	0.671595906	0.753817973	0.857750934	0.731542494	0.788249801	0.951572468	0.892664595	0.85333308	0.956797553	0.96728756	0.92415378	0.756032422	0.866747381	0.940179753	0.976861438	0.977901244
S3.38.ribosomal_protein_L5_rplE	0.903446799	0.828371407	0.92242073	0.869255549	0.98621353	0.951334597	0.954487505	0.886617996	0.88865681	0.903166569	0.873412405	0.983028018	0.877322235	0.881327883	0.994219584	0.992441185	0.97441591	0.982160397	0.952448871	0.784805409	0.89454711	0.986689144	0.947780969	0.94818346	0.990261671	0.989279637	0.984562135	0.912076356	0.926152537	0.961325621	0.963082825	0.890775969	0.946047053	0.935617331	0.9149362	0.925942288	0.880628017	0.939860631	0.971317809	0.92474097	0.82955788	0.928811108	0.948088949	0.826234443	0.941500234	0.900039697	0.958669586	0.939298934	0.834220146	0.919183775	0.82527675	0.968610931	0.859023203	0.715107821	0.876813991	0.767345235	0.848622337	0.767712771	0.676877386	0.784408888	0.833514422	0.815152665	0.852002091	0.835984754	0.816462999	0.70284092	0.753310167	0.867537191	0.756849089	0.756252042	0.939961854	0.905919445	0.848192265	0.967647581	0.963100862	0.912755781	0.772252877	0.845890127	0.930140141	0.98526618	0.96482642
S3.39.ribosomal_protein_L6_rplF	0.912533446	0.824141502	0.922463381	0.862923855	0.98206479	0.957349692	0.959555474	0.889570659	0.88644845	0.898866903	0.882739315	0.989164429	0.850532602	0.885353266	0.992634967	0.989208878	0.942880418	0.986662974	0.942595475	0.774560464	0.901916269	0.980164079	0.946461702	0.943211087	0.988107879	0.989720001	0.980989048	0.879818164	0.936619996	0.964706716	0.97300715	0.89581504	0.946775504	0.935585271	0.882223172	0.918584956	0.86644795	0.943815098	0.972340263	0.919133918	0.90010437	0.924694521	0.931264523	0.823088544	0.943875991	0.887888582	0.954448928	0.939948594	0.848098161	0.887989274	0.83316621	0.972074654	0.858268569	0.727435381	0.870088453	0.75284723	0.816097009	0.797145187	0.69025049	0.791909503	0.847089411	0.810582277	0.843528932	0.859190381	0.854660384	0.703007265	0.77821105	0.884143549	0.75143152	0.781111926	0.942716538	0.895805081	0.830850617	0.966319568	0.95975966	0.925402614	0.781933183	0.855198653	0.91362279	0.983613123	0.979879407
S3.4.ribosomal_protein_L16_L10E_rplP	0.89885184	0.824891463	0.899057567	0.883829309	0.981740644	0.955928123	0.957458648	0.88175376	0.886348893	0.906221398	0.866482943	0.982779789	0.86876867	0.883966977	0.985275276	0.987416963	0.941031341	0.989661852	0.961600334	0.782088275	0.88760377	0.984563631	0.951711216	0.94446923	0.989700807	0.984639018	0.988042253	0.89470317	0.938353206	0.964890822	0.976264706	0.883913737	0.951845822	0.922386921	0.896882529	0.906359076	0.906872598	0.938974151	0.971931436	0.927453872	0.84546291	0.927573664	0.899206684	0.835952708	0.94906821	0.90058518	0.958014167	0.939172721	0.835667551	0.910814077	0.817246867	0.973935627	0.844066504	0.64069619	0.875496969	0.732359002	0.837160135	0.760056739	0.641526615	0.752737967	0.825126886	0.781432116	0.830527584	0.830532687	0.827338953	0.675666307	0.713114826	0.849243474	0.726078347	0.738290321	0.945693229	0.894199375	0.861640239	0.952076642	0.969883309	0.916161912	0.737309823	0.854336495	0.923233782	0.99302921	0.979557975
S3.40.ribosomal_protein_L11_rplK	0.906180639	0.816140378	0.89603061	0.843834655	0.980843435	0.950746983	0.956445637	0.872675051	0.866812829	0.877219572	0.859007222	0.990146482	0.925776487	0.903206968	0.988573593	0.991384002	0.953269391	0.989899751	0.901604154	0.757772306	0.88625784	0.967915866	0.962980627	0.964584129	0.989305971	0.983911859	0.988013218	0.868805408	0.932752704	0.962808514	0.973114791	0.89968643	0.953836913	0.941203016	0.900381557	0.920526303	0.899559583	0.950933281	0.982257011	0.922860612	0.905322955	0.928930448	0.947168709	0.842359553	0.939546651	0.89823236	0.955994417	0.941514056	0.851231589	0.923650407	0.835070869	0.970877365	0.866255333	0.705752824	0.871619386	0.737824589	0.860728059	0.739190967	0.658039521	0.780590463	0.860832305	0.773498507	0.803212227	0.871076711	0.85079764	0.674260256	0.680252096	0.857289543	0.716547382	0.783379278	0.946147431	0.887672514	0.855574472	0.968199248	0.960847297	0.910425848	0.783789907	0.861981397	0.945758684	0.985533077	0.975394965
S3.41.ribosomal_protein_S10_rpsJ	0.922460205	0.812257221	0.901312674	0.843841596	0.972804085	0.953332051	0.956667938	0.870830056	0.88450275	0.884693725	0.873622187	0.986407691	0.878723615	0.911610058	0.980739457	0.991376289	0.940214954	0.986641426	0.943161554	0.76156651	0.876337702	0.980969545	0.951838376	0.951941226	0.986902324	0.983274752	0.984826121	0.896430888	0.939082707	0.964514669	0.967153152	0.897572106	0.938034839	0.91664194	0.877827236	0.907088508	0.873264014	0.916111776	0.964296401	0.912913222	0.908325463	0.927139411	0.9502329	0.821177003	0.943447805	0.88245275	0.962816815	0.931538156	0.859248821	0.883316031	0.794796378	0.965720644	0.848035142	0.647255862	0.854758669	0.714077809	0.8572484	0.78094287	0.638247468	0.74494607	0.817148904	0.767671847	0.840737239	0.824498522	0.82033247	0.665224413	0.763582224	0.869036938	0.670292772	0.748806415	0.9012684	0.887202863	0.843944265	0.961383619	0.957718342	0.923116837	0.746288871	0.842638243	0.929647443	0.98527474	0.95929039
S3.42.RNA_pol_A_bac	0.915123962	0.822097158	0.889021362	0.852315189	0.976540005	0.950388987	0.965559466	0.895267182	0.894001317	0.911212635	0.880394551	0.990377876	0.887822141	0.918196361	0.987643795	0.97676473	0.945730799	0.987048686	0.928630576	0.775006317	0.897874119	0.988714902	0.958823914	0.955420623	0.989205389	0.989189911	0.986587562	0.908144009	0.944331165	0.974135347	0.968746691	0.89434502	0.950795735	0.926920123	0.900586427	0.924245992	0.920333368	0.913180705	0.972659218	0.931974195	0.925519926	0.936722019	0.941636555	0.856897051	0.947141663	0.883965647	0.961141906	0.939711114	0.834849507	0.9152632	0.817889977	0.972272233	0.852274713	0.668685515	0.854431195	0.709178274	0.848856217	0.737003038	0.642783904	0.758072935	0.820971481	0.783477971	0.819356281	0.827786035	0.829528558	0.683263324	0.703786901	0.849011056	0.736977899	0.758747994	0.929335635	0.883828559	0.848959066	0.962438282	0.971107078	0.919082198	0.76278175	0.844033665	0.918168563	0.97836099	0.978919172
S3.43.TIGR00042	0.929190548	0.829648433	0.922937863	0.880833686	0.98708643	0.958702361	0.962756219	0.925831842	0.899831081	0.900379836	0.893397051	0.987086349	0.905146064	0.913962739	0.995619935	0.990209507	0.97386687	0.990209806	0.977519086	0.828584506	0.917946608	0.988595947	0.954004822	0.958489206	0.989774521	0.990131278	0.992606862	0.906055255	0.934666118	0.965231279	0.977026955	0.894436451	0.964119551	0.948287169	0.895350759	0.935606812	0.919551051	0.953114855	0.976014864	0.927078302	0.932989065	0.938272618	0.960243376	0.72214395	0.95053445	0.911672138	0.964626609	0.949560138	0.875087529	0.924397205	0.83426315	0.977644234	0.853550114	0.695819016	0.890374766	0.749104777	0.874797554	0.794340234	0.674934012	0.782667724	0.838988577	0.788312136	0.843260935	0.833358018	0.821260936	0.669909678	0.763523004	0.86948947	0.765842884	0.744664809	0.95818219	0.9155066	0.858267124	0.970465455	0.973910551	0.935809093	0.755189757	0.853537156	0.953228395	0.981999467	0.995153654
S3.44.alaS	0.934707945	0.850120886	0.944875261	0.877586216	0.990307419	0.95776943	0.965918995	0.925282365	0.904560234	0.901377566	0.894030468	0.980587036	0.855808951	0.895522721	0.995569411	0.991754112	0.968843052	0.9908077	0.979706018	0.80834812	0.912733852	0.987786104	0.968104315	0.951408671	0.99002376	0.990916063	0.991027587	0.906178568	0.942589578	0.971314927	0.975903376	0.896114269	0.966678765	0.942952257	0.902099646	0.91346554	0.913929454	0.95656022	0.974970748	0.938395797	0.929028373	0.936867687	0.955028152	0.822375321	0.95249508	0.89906024	0.95947236	0.942915053	0.827961173	0.930625263	0.847638984	0.973897661	0.884848831	0.759922032	0.88450152	0.792291275	0.850866998	0.821232621	0.721654033	0.808485994	0.875537593	0.83593856	0.861361545	0.870169055	0.860776679	0.741514384	0.793805645	0.890889749	0.842039828	0.808694412	0.948349774	0.9175833	0.852672356	0.977823829	0.96986826	0.924037219	0.80198536	0.858859428	0.934103222	0.987212971	0.973837161
S3.45.NusA	0.934906739	0.82315041	0.923728366	0.870471961	0.982250046	0.954053302	0.96153926	0.906299793	0.896179759	0.902293289	0.875883721	0.988293141	0.875371207	0.905875936	0.992767877	0.995125887	0.97168999	0.9893537	0.975161756	0.773919265	0.895410829	0.988459126	0.960102088	0.955458133	0.98710305	0.985693438	0.98431165	0.921279166	0.939631085	0.965154537	0.968925601	0.874050946	0.944728447	0.925195718	0.907673944	0.908442341	0.891470263	0.918007453	0.974281094	0.925635146	0.927071284	0.932868124	0.9530631	0.781852883	0.94812832	0.913528536	0.963201901	0.939800074	0.835364371	0.918340975	0.822697864	0.972232911	0.865792997	0.735035973	0.854978675	0.772803895	0.851018447	0.793567313	0.699744811	0.80100408	0.835472026	0.831591717	0.827665075	0.832959249	0.817165838	0.713416242	0.774570189	0.861923557	0.776536182	0.792194236	0.933063136	0.902759193	0.851779164	0.974381256	0.97282653	0.921690239	0.780941673	0.839071728	0.91322673	0.989469401	0.980957056
S3.46.pheT_bact	0.937605502	0.836962135	0.930740713	0.872844376	0.98791594	0.967621204	0.966438516	0.927406228	0.90894334	0.911004722	0.890220981	0.988405545	0.830356773	0.870190676	0.996941034	0.991056889	0.969052506	0.985883286	0.96884673	0.799358907	0.91606984	0.988201167	0.963166212	0.952621525	0.991008782	0.9903201	0.991347015	0.892775809	0.943708966	0.971321045	0.978733895	0.905080934	0.970320147	0.924997283	0.915489318	0.928961839	0.900995671	0.944703061	0.976497208	0.926452927	0.927642604	0.935177457	0.953981471	0.859651935	0.953497803	0.921386879	0.967082268	0.948070066	0.838746475	0.936085479	0.839842918	0.971729014	0.867401478	0.740871237	0.901474556	0.777692004	0.871544391	0.850986718	0.693085328	0.799698999	0.86013457	0.821736212	0.85621798	0.851475687	0.835093111	0.7229844	0.809620703	0.910147644	0.811195863	0.776296426	0.947072382	0.930523629	0.849655933	0.971402136	0.973324341	0.920785935	0.786178565	0.863664577	0.949436422	0.980111077	0.985436517
S3.47.recR	0.916395799	0.833914356	0.935700168	0.874506529	0.983723506	0.96217863	0.956300146	0.90502759	0.900100927	0.911979441	0.903063206	0.982404531	0.891533944	0.899417964	0.997911371	0.993474296	0.956190787	0.982554236	0.980339387	0.794139102	0.890352531	0.99107869	0.967624562	0.955732074	0.991745337	0.990705114	0.990118593	0.865610454	0.936725022	0.967083631	0.966957212	0.888420909	0.952187644	0.93412217	0.908665187	0.931779594	0.887946439	0.957567567	0.975354197	0.926728811	0.925409434	0.931616052	0.950132408	0.790657163	0.951901449	0.882137646	0.95377463	0.946043029	0.828219936	0.926985975	0.832680361	0.977381568	0.85589032	0.706887564	0.881471414	0.74204365	0.84549337	0.790903893	0.656728484	0.779712249	0.858129565	0.791760593	0.841333449	0.839300109	0.834093035	0.663123174	0.762321883	0.877971624	0.728309288	0.769835999	0.949963541	0.914485264	0.831283539	0.968035605	0.970469109	0.923238267	0.762721375	0.872788569	0.934925403	0.982111117	0.973237514
S3.48.rplD_bact	0.8941739	0.848827182	0.90881167	0.868861601	0.982512352	0.95001552	0.957411444	0.891192023	0.898470484	0.907742547	0.876535346	0.985694509	0.814401984	0.873306891	0.993074776	0.991765851	0.937727797	0.992030252	0.949829746	0.800444524	0.900489049	0.984919023	0.962438844	0.954704395	0.989864808	0.987922398	0.989201422	0.88907413	0.940596253	0.964029185	0.974067369	0.892228055	0.959253314	0.931482239	0.904301258	0.921716329	0.879182331	0.935457525	0.959442913	0.91391249	0.899037627	0.921909589	0.943616449	0.857559005	0.953534578	0.904661632	0.962075587	0.94780893	0.855137055	0.895794294	0.820651356	0.97490453	0.855669604	0.724153897	0.892029993	0.76346007	0.843334084	0.795674803	0.686767914	0.79314368	0.825324175	0.823338333	0.864778529	0.813120082	0.798767348	0.726904172	0.775608628	0.888638148	0.768773248	0.794799073	0.949359059	0.910965184	0.851393791	0.968601501	0.969824708	0.922820598	0.782967345	0.842560747	0.930986167	0.972006617	0.98931097
S3.49.rplO_bact	0.922787137	0.826675517	0.924272669	0.862993387	0.981639325	0.95542406	0.965749057	0.897437838	0.889945635	0.912120937	0.880488412	0.987489731	0.915195247	0.895358717	0.991782669	0.994472133	0.964274056	0.987526512	0.961522812	0.786762417	0.900575105	0.98868194	0.964241376	0.952588355	0.991496818	0.989022124	0.988444035	0.883653894	0.937662834	0.966840776	0.965651044	0.903757161	0.95389074	0.941304727	0.905848106	0.921137284	0.900324075	0.95221133	0.972205578	0.91575608	0.914172938	0.935237409	0.947093766	0.806948831	0.955602373	0.901315762	0.961743731	0.948443385	0.83464749	0.909325974	0.837174998	0.968996497	0.881964259	0.727729683	0.895802154	0.750010634	0.843607414	0.775884292	0.68362023	0.799172884	0.851104854	0.822355422	0.847693893	0.871463106	0.866453785	0.697574068	0.741527754	0.873804802	0.772091653	0.787170506	0.950469904	0.905514565	0.851113906	0.9748844	0.970971357	0.9266817	0.791508896	0.858386545	0.938677773	0.980733902	0.976743051
S3.5.ribosomal_protein_S2_rpsB	0.930427942	0.840724932	0.915793718	0.867158587	0.980710657	0.956214066	0.959969965	0.89089688	0.896772332	0.906921676	0.879140941	0.989133676	0.858224294	0.8886841	0.988554251	0.98635616	0.954424303	0.990155119	0.952990557	0.776305579	0.895663431	0.985191066	0.956561694	0.937581503	0.988485253	0.988719014	0.984816588	0.891474176	0.943630248	0.962457042	0.967211665	0.89464161	0.948598688	0.937987816	0.884717052	0.917395977	0.894453018	0.934170689	0.971144627	0.902693114	0.864617473	0.928947693	0.864328425	0.798659914	0.943339118	0.893501471	0.964596753	0.942977135	0.848646711	0.916082053	0.826329243	0.971212111	0.87951304	0.790630087	0.869197141	0.773696189	0.831918006	0.778682447	0.701586206	0.806988328	0.850325239	0.833924436	0.82247583	0.868530748	0.852877992	0.749126777	0.759628659	0.859307512	0.724407671	0.802054011	0.938247368	0.900516051	0.84301318	0.960080469	0.968349842	0.918582025	0.799007552	0.852122576	0.932220707	0.988392989	0.982313382
S3.50.rplT_bact	0.907129239	0.824695773	0.920852187	0.869836161	0.983149243	0.955295328	0.961811773	0.888295392	0.888824822	0.896778969	0.884530394	0.983814007	0.869487083	0.874565517	0.987795464	0.992916162	0.952950245	0.989343855	0.95562717	0.789062468	0.893166121	0.987826539	0.959186166	0.945348988	0.989296989	0.986528576	0.989209703	0.909608779	0.934296332	0.964739768	0.974286268	0.885212615	0.951087227	0.927083963	0.903765165	0.907764625	0.863642058	0.920816896	0.972664018	0.909850295	0.840629961	0.932415365	0.905652284	0.862155458	0.938108834	0.895678442	0.956053513	0.935112842	0.818264411	0.898798083	0.832747279	0.976736007	0.863011677	0.720257188	0.876930331	0.748595999	0.847283502	0.767348158	0.706667084	0.800872289	0.851763791	0.816800685	0.824634061	0.862555132	0.852398561	0.691983674	0.763872131	0.853951988	0.765730842	0.789615228	0.931068367	0.899281709	0.8377763	0.956271444	0.967914134	0.919014412	0.773320639	0.872249655	0.920814354	0.985229915	0.984802692
S3.51.rplV_bact	0.879738652	0.816658017	0.912928977	0.847913552	0.98212259	0.960794442	0.965778351	0.864759183	0.886159194	0.881837512	0.87289168	0.991162473	0.886780253	0.884940951	0.993088509	0.986916575	0.967115505	0.987238908	0.945421367	0.805889716	0.899634802	0.982829445	0.965872034	0.955409576	0.991702822	0.990318658	0.985303879	0.881647698	0.935490197	0.964604145	0.969537563	0.902862317	0.960895484	0.933711423	0.889096227	0.917652824	0.901916847	0.945291922	0.970913944	0.906826254	0.902766277	0.926034264	0.926985873	0.777724618	0.9449414	0.901656702	0.953456787	0.940169435	0.848698041	0.903631548	0.826109247	0.97801503	0.852771384	0.686372462	0.880931239	0.745320521	0.867998385	0.736563346	0.682070914	0.779094061	0.817474693	0.802513946	0.821232815	0.85811444	0.829135121	0.664807465	0.728670778	0.8540252	0.725478399	0.76964545	0.950525198	0.906522556	0.85289533	0.970152967	0.964783809	0.918538021	0.785812059	0.857861751	0.931987214	0.98986521	0.96894241
S3.52.rpsC_bact	0.893633656	0.819225913	0.91232866	0.862032455	0.980302001	0.949891483	0.962185529	0.87379114	0.891642483	0.900201024	0.876250973	0.99148695	0.872516199	0.863100954	0.991009365	0.990893278	0.958877138	0.983070192	0.945822847	0.74968114	0.905157859	0.984633408	0.951986401	0.943941819	0.986054924	0.981757916	0.989478777	0.895705892	0.936497339	0.963276861	0.966906812	0.892677853	0.954882168	0.928677573	0.909481013	0.916516172	0.906830618	0.93464612	0.973211769	0.914731201	0.899515055	0.923502322	0.93316676	0.836307059	0.944804373	0.890190809	0.956845847	0.940890058	0.81406886	0.896497395	0.826704828	0.963304866	0.85964299	0.731039195	0.861251035	0.749044061	0.845928271	0.74427491	0.696754275	0.798676357	0.837988276	0.789559101	0.821194461	0.843311931	0.826211686	0.681727831	0.73213638	0.855562078	0.749974262	0.784587268	0.932387383	0.884165211	0.827448424	0.973251549	0.96962558	0.91279872	0.765914331	0.854565812	0.931329595	0.983443279	0.978980304
S3.53.ruvA	0.929344489	0.833854744	0.928570228	0.870500543	0.986735005	0.95528336	0.960825564	0.910714672	0.907549718	0.89596612	0.890388354	0.988142512	0.8593382	0.886696988	0.996098849	0.987025195	0.960698427	0.988772812	0.977770969	0.809424265	0.900836191	0.992420225	0.967382264	0.955223303	0.993235781	0.987120633	0.985436675	0.906171757	0.937417468	0.967759759	0.977181332	0.897634737	0.964183482	0.937367095	0.914839551	0.922748268	0.920941551	0.967777645	0.977307277	0.935219435	0.92182099	0.938767425	0.955469007	0.802609982	0.952514562	0.919840039	0.960085105	0.951212994	0.872238469	0.941878681	0.840529243	0.975361484	0.857440757	0.721527596	0.898049255	0.772233098	0.85384667	0.787181136	0.702848693	0.803737075	0.845890097	0.826302027	0.857834913	0.835984274	0.841380793	0.706970633	0.782258953	0.859904866	0.774315118	0.781922672	0.960081092	0.920628475	0.854114692	0.971431296	0.968256399	0.930623062	0.78122438	0.883855148	0.944766398	0.993414835	0.983246745
S3.54.serS	0.936291727	0.826938085	0.920191966	0.873969491	0.984214891	0.955970098	0.956452052	0.91901371	0.897877238	0.890936761	0.902516601	0.981418609	0.894031371	0.89917744	0.991952073	0.989524242	0.938687833	0.987036261	0.977004061	0.784229292	0.899166959	0.984463036	0.965460411	0.956857153	0.98924024	0.99015509	0.991437582	0.884496036	0.943353313	0.970811184	0.97219263	0.896631444	0.961482546	0.93110311	0.910736766	0.913917759	0.913721643	0.943796801	0.973227659	0.933555312	0.920265657	0.938319309	0.947612526	0.816629062	0.949203528	0.901234205	0.962917095	0.949245025	0.845387119	0.902697807	0.819501578	0.968463275	0.862172598	0.701659382	0.884323443	0.723354114	0.856400064	0.768910505	0.700897565	0.783045679	0.858988623	0.788054899	0.826431305	0.866198676	0.852702165	0.682673886	0.721037632	0.841556749	0.715215722	0.754705774	0.942645384	0.905830695	0.837009015	0.969707012	0.975345397	0.920280716	0.765353881	0.847773402	0.942483342	0.986587652	0.975317678
S3.55.TIGR00006	0.927433832	0.83370185	0.921413693	0.881416025	0.987847865	0.957917959	0.960640327	0.907703708	0.892305586	0.908576892	0.889479766	0.985289258	0.892796602	0.898244041	0.990635903	0.989386248	0.963655686	0.980476582	0.977956502	0.808448543	0.900146329	0.989571038	0.961947506	0.949043412	0.988827169	0.987625663	0.986628367	0.910757581	0.940254271	0.965962155	0.974737979	0.902985014	0.95053625	0.934008961	0.906817992	0.921871571	0.898374796	0.945958065	0.977512967	0.926131503	0.931543687	0.934230505	0.950824677	0.822193169	0.956785452	0.899483185	0.962509277	0.940733796	0.865976126	0.925084936	0.839992369	0.974425715	0.873431604	0.735051328	0.868697098	0.740514113	0.857583816	0.75573249	0.701115421	0.792061091	0.84551584	0.799922755	0.833830782	0.839564042	0.84262204	0.72842379	0.762228462	0.854829343	0.810302425	0.79483824	0.945296676	0.900027183	0.848508941	0.97474228	0.971209919	0.919864287	0.782249317	0.859708021	0.938050315	0.984973443	0.970469486
S3.56.trmD	0.910451882	0.82916962	0.932213239	0.867276661	0.989349687	0.956794431	0.959697069	0.918537355	0.886832525	0.907287485	0.891837085	0.995149166	0.86607882	0.917220817	0.992629917	0.992311525	0.970679854	0.989808327	0.978007858	0.817851489	0.920449766	0.989032127	0.963207712	0.956381919	0.983470967	0.986332521	0.991040204	0.905149313	0.939224888	0.967188141	0.970246965	0.896623399	0.965713447	0.941749641	0.916985841	0.913506285	0.901846348	0.957007639	0.975818188	0.939717353	0.917278325	0.928855162	0.949905562	0.840242273	0.950543132	0.904916925	0.962339293	0.94890167	0.855194253	0.927578473	0.833565151	0.973429601	0.876155548	0.726142901	0.882470662	0.769743083	0.85243296	0.793293683	0.714698021	0.798494412	0.841834602	0.829574812	0.851629786	0.82878073	0.801929918	0.701500485	0.76217	0.87457074	0.758053645	0.781949022	0.951000648	0.911461063	0.850527645	0.974635039	0.97357605	0.927024079	0.767581425	0.848907542	0.933732501	0.989588549	0.981636766
S3.57.TruB	0.892787155	0.851429719	0.932560565	0.889242154	0.989479353	0.958512836	0.965377772	0.924359427	0.907876039	0.913992405	0.894762311	0.99150223	0.892381342	0.899862264	0.993599835	0.991121039	0.967647973	0.994003017	0.983078015	0.811632015	0.904569362	0.987422449	0.965526109	0.961436506	0.987352768	0.990902809	0.990075262	0.896990928	0.936746865	0.961909253	0.972068811	0.910162163	0.966221288	0.928885233	0.920841688	0.91961737	0.906812033	0.941814586	0.979440661	0.930106371	0.921245004	0.93377903	0.952098145	0.78145216	0.949936437	0.911165978	0.963936514	0.952239511	0.864029735	0.934661111	0.842103448	0.973405381	0.868439682	0.713736847	0.885621086	0.773327003	0.854076138	0.802385745	0.695806563	0.81249903	0.854218729	0.821967786	0.841401619	0.844035054	0.83675246	0.72811214	0.788657382	0.876937179	0.7981468	0.793397	0.94881385	0.907769628	0.837083524	0.976988198	0.967775018	0.919461698	0.785871064	0.861977201	0.935209009	0.975108555	0.979986567
S3.58.tsf	0.94033459	0.835982931	0.919570668	0.86446101	0.984268624	0.956681351	0.965452016	0.887215347	0.908699231	0.905801425	0.879734469	0.985622701	0.864785478	0.863035488	0.993494797	0.994361793	0.967260433	0.992237927	0.96666614	0.802130273	0.896545971	0.984869657	0.950760245	0.952087878	0.988921637	0.990071394	0.990183435	0.884188336	0.940082553	0.967593715	0.967128632	0.905586258	0.959840333	0.934339507	0.911337491	0.918780082	0.889350993	0.946579544	0.977640754	0.911559873	0.921640455	0.941898493	0.951482524	0.818274865	0.950523801	0.904039536	0.963337524	0.944983621	0.850618237	0.909840799	0.817175852	0.976133548	0.853919509	0.67228954	0.895434383	0.731899899	0.875148261	0.728276701	0.659577687	0.763066212	0.844679304	0.772605404	0.807541078	0.821795358	0.824805797	0.674638407	0.722410584	0.850313634	0.743980394	0.751420242	0.948188085	0.89469343	0.850418218	0.977588954	0.971818272	0.914958334	0.753909302	0.85772947	0.947917889	0.989084576	0.981835811
S3.59.uS11_bact	0.896179615	0.82459351	0.913980972	0.860096126	0.977636793	0.949765419	0.960301851	0.884331824	0.882455735	0.897586322	0.880702437	0.984106898	0.91440648	0.891948785	0.992280873	0.990119171	0.949534751	0.991681525	0.916111636	0.764207797	0.891282296	0.984001699	0.953975043	0.949586663	0.987991257	0.984296229	0.985284051	0.893725053	0.93323264	0.963027211	0.966895014	0.8997883	0.949691308	0.927036093	0.906843759	0.920415777	0.88782646	0.927017772	0.969919509	0.919321181	0.834112773	0.931096255	0.875568933	0.876441011	0.94875495	0.898063973	0.957393559	0.945180678	0.791391472	0.907010974	0.828286172	0.965771637	0.858963513	0.731961358	0.856566236	0.751959574	0.865578181	0.761184502	0.694491182	0.791488632	0.846830426	0.819553245	0.836244334	0.843426012	0.826556188	0.691345888	0.771766058	0.861718807	0.749977818	0.790983501	0.937547471	0.889927006	0.860490672	0.956345218	0.97103555	0.926022382	0.781626284	0.850517012	0.934580832	0.976508857	0.980714504
S3.6.ribosomal_protein_S5	0.912191974	0.826425029	0.920290511	0.880020982	0.982036513	0.956193089	0.96277638	0.89776981	0.902335724	0.897239018	0.882844472	0.978020002	0.887388381	0.887646147	0.991517688	0.991395971	0.963248348	0.989558729	0.920761611	0.777435268	0.906889798	0.985047154	0.961842488	0.951298144	0.990402738	0.984637765	0.985094631	0.893918558	0.944673009	0.964681144	0.965643524	0.892313229	0.951847524	0.939069877	0.898937296	0.917137733	0.915512573	0.931351296	0.97527325	0.909056198	0.900668512	0.929943831	0.942981115	0.806215363	0.945340006	0.89583295	0.963801106	0.941155687	0.849654087	0.91396092	0.818649928	0.972880675	0.866849745	0.733188687	0.863728811	0.772719922	0.866542528	0.809850017	0.706944731	0.803544813	0.828580269	0.819015712	0.854587101	0.828091602	0.829830628	0.71741715	0.778525232	0.872382182	0.799164579	0.792986533	0.92604523	0.900676854	0.827403599	0.970145822	0.972978993	0.932441787	0.75448636	0.867993996	0.923979462	0.986352382	0.988846173
S3.7.ribosomal_protein_S7	0.928073875	0.831473678	0.915072249	0.869028141	0.989659831	0.957199791	0.962520143	0.885869319	0.89509789	0.906741955	0.888244312	0.993323075	0.832971179	0.902934041	0.99408199	0.989005575	0.956066495	0.991047001	0.925037806	0.79091987	0.906967889	0.98734303	0.957040586	0.954962786	0.988775139	0.988530159	0.989336871	0.892206343	0.936923742	0.968657677	0.973152858	0.899013452	0.964738655	0.939055837	0.91479145	0.917457801	0.889518141	0.951706268	0.970845532	0.921882425	0.860066602	0.935822234	0.899032527	0.826565199	0.945731136	0.898822143	0.961838005	0.941279949	0.811578345	0.917235038	0.827131586	0.97312974	0.859333427	0.697430166	0.884754348	0.731647276	0.857399392	0.767113211	0.667158575	0.780634584	0.836087959	0.790515926	0.809215617	0.846715751	0.847566595	0.696154888	0.732584886	0.865266128	0.766160066	0.772205562	0.945596977	0.907261862	0.843775367	0.956462263	0.966564937	0.924907192	0.790560366	0.857383833	0.941336399	0.980211037	0.963045634
S3.8.ribosomal_protein_S12_S23	0.861022444	0.828350983	0.922814876	0.857258763	0.982417793	0.956823375	0.963845461	0.874968053	0.878105976	0.901401837	0.867204028	0.985581684	0.907488571	0.915656557	0.990627258	0.988858816	0.956005847	0.986429271	0.929350618	0.77742562	0.902079165	0.987074135	0.947967934	0.951033712	0.989077023	0.987989348	0.991869438	0.917605415	0.943327434	0.969100419	0.974719612	0.889573274	0.95178917	0.94319805	0.897489573	0.92426203	0.903000114	0.944672216	0.972814439	0.922079581	0.817464248	0.926842712	0.925794279	0.84900893	0.928773112	0.894968347	0.950917237	0.941362547	0.823556355	0.922488536	0.839238384	0.971313628	0.873839428	0.762971074	0.869714216	0.785803831	0.847889049	0.772697193	0.725441268	0.81974142	0.869595247	0.831600709	0.846028685	0.881876219	0.86043636	0.707244498	0.766300354	0.870244578	0.748983859	0.814512267	0.936675541	0.897766031	0.843693673	0.967573335	0.97251857	0.915711843	0.794793697	0.85769991	0.93134281	0.984468524	0.980321672
S3.9.ribosomal_protein_S15P_S13e	0.885180562	0.816445981	0.913752395	0.852339241	0.978415694	0.948035846	0.953434782	0.891077248	0.889964246	0.900013542	0.872362556	0.984112072	0.878831552	0.869297194	0.982581516	0.98995555	0.962977014	0.986660438	0.952837796	0.781393225	0.888624986	0.986217024	0.940491331	0.954205288	0.986573002	0.974922826	0.988858539	0.881853096	0.936108639	0.960663592	0.964209899	0.89301818	0.943359175	0.939818999	0.903481193	0.910760403	0.909964537	0.941973177	0.976919484	0.927218902	0.925420842	0.929419878	0.941370038	0.817399656	0.943336023	0.883266503	0.957873602	0.93287411	0.824175163	0.911963345	0.811752118	0.973998481	0.850501049	0.664286244	0.880978219	0.72997088	0.829853056	0.720098904	0.662027965	0.764411163	0.837546865	0.775445441	0.796067031	0.840146519	0.839031191	0.657471484	0.685270431	0.841074137	0.744858399	0.757649598	0.943361461	0.898348699	0.846516796	0.967527979	0.965451826	0.906703274	0.747703267	0.862178161	0.927161501	0.98392958	0.966825732
