ESCG	MetaAn_70	MetaAn_1	MetaAn_2	MetaAn_3	MetaAn_4	MetaAn_5	MetaAn_6	MetaAn_7	MetaAn_8	MetaAn_9	MetaAn_10	MetaAn_11	MetaAn_12	MetaAn_13	MetaAn_14	MetaAn_15	MetaAn_16	MetaAn_71	MetaAn_72	MetaAn_73	MetaAn_74	MetaAn_75	MetaAn_76	MetaAn_77	MetaAn_78	MetaAn_79	MetaAn_80	MetaAn_81	MetaAn_82	MetaAn_83	MetaAn_84	MetaAn_50	MetaAn_54	MetaAn_55	MetaAn_53	MetaAn_57	MetaAn_58	MetaAn_56	MetaAn_60	MetaAn_59	MetaAn_63	MetaAn_68	MetaAn_64	MetaAn_66	MetaAn_69	MetaAn_65	MetaAn_67	MetaAn_61	MetaAn_62	MetaAn_20	MetaAn_17	MetaAn_19	MetaAn_18	MetaAn_27	MetaAn_29	MetaAn_30	MetaAn_28	MetaAn_31	MetaAn_32	MetaAn_33	MetaAn_34	MetaAn_35	MetaAn_37	MetaAn_36	MetaAn_38	MetaAn_40	MetaAn_41	MetaAn_39	MetaAn_43	MetaAn_44	MetaAn_45	MetaAn_46	MetaAn_47	MetaAn_21	MetaAn_22	MetaAn_23	MetaAn_24	MetaAn_26	MetaAn_25	MetaAn_49	MetaAn_48
S3.1.ribosomal_protein_L2_rplB	152	414	552	663	805	764	702	578	533	617	373	232	153	163	296	232	335	158	178	470	767	388	362	362	369	370	517	377	880	1068	1112	1319	337	310	217	294	216	307	423	377	804	1143	698	212	921	937	1072	970	474	480	1089	303	421	276	496	625	550	890	401	492	461	359	357	393	417	224	302	509	232	315	557	478	310	511	598	386	278	373	647	169	147
S3.10.ribosomal_protein_S19_rpsS	159	399	482	578	719	734	707	532	438	518	354	209	154	140	226	244	294	173	160	422	773	364	314	370	359	332	479	377	819	969	1076	1191	341	280	213	293	186	262	418	365	699	1090	584	258	882	829	1001	939	446	380	1057	360	376	264	445	570	468	782	365	473	436	342	341	343	411	189	283	443	252	280	528	467	294	631	564	384	265	331	582	173	190
S3.11.pheS	172	433	543	738	796	763	696	761	506	592	465	172	108	117	198	156	257	150	229	434	627	374	342	392	406	380	491	372	852	1033	1095	1247	346	288	192	293	224	271	408	382	704	1143	587	229	1014	882	1050	1016	439	449	1107	332	441	297	560	599	542	800	380	469	437	350	355	373	408	241	293	453	240	319	537	485	331	513	574	394	261	383	584	165	175
S3.12.ribosomal_L1	145	430	534	656	766	762	729	584	479	543	361	231	153	141	251	235	286	166	189	522	758	395	350	361	339	386	459	345	802	922	1051	1331	344	309	224	291	186	287	346	381	641	1087	607	193	731	748	948	908	393	470	1103	325	414	283	455	601	516	789	399	476	450	353	368	407	436	241	266	452	238	342	529	458	293	575	563	371	294	376	591	169	142
S3.13.ribosomal_S9	148	440	551	644	838	824	753	623	497	630	383	228	138	145	248	208	323	169	186	460	799	368	324	350	381	394	501	358	828	1019	1103	1327	331	284	218	253	181	272	407	392	707	1037	633	211	885	871	1022	898	427	492	1102	295	450	315	523	647	546	861	409	532	474	394	350	422	452	227	286	486	238	325	526	472	360	562	601	414	322	370	609	171	138
S3.14.hisS	149	484	636	786	877	899	822	799	514	625	425	187	119	116	191	187	266	153	183	522	875	357	368	363	375	379	480	377	970	1211	1271	1507	387	346	231	339	245	321	479	455	752	1202	652	239	1008	924	1075	1055	471	531	1419	381	564	424	619	814	608	1098	497	645	564	477	462	530	561	296	392	552	311	410	672	598	423	626	695	475	377	497	691	165	183
S3.15.glyS_dimeric	84	349	313	502	487	525	484	564	381	435	313	83	51	49	109	79	108	87	88	335	630	218	233	236	210	232	284	207	580	653	684	890	202	221	122	200	119	205	214	201	434	704	373	117	501	667	628	459	335	297	861	286	354	245	418	497	341	722	311	421	356	287	342	329	358	194	246	404	187	273	434	434	234	395	390	254	227	322	447	115	128
S3.16.SRP_SPB	248	692	916	1116	1312	1194	1143	1154	750	948	649	284	174	192	294	270	364	212	304	688	1077	504	434	375	463	459	592	418	1186	1465	1710	1987	496	473	329	476	342	454	651	650	1077	1627	782	314	1139	1226	1481	1352	631	782	1786	495	752	527	769	1029	849	1303	638	801	740	659	575	703	751	376	483	711	354	537	846	747	580	871	959	654	492	649	934	272	233
S3.18.EIF_2_alpha	91	905	1169	1414	1663	1640	1682	1389	1070	1363	821	221	151	184	218	197	205	165	120	814	1499	356	278	324	352	400	371	307	1941	2227	2531	2595	696	600	506	653	501	622	976	1040	1259	2403	1300	410	2140	1683	2334	2456	929	978	2412	837	915	565	926	1285	1031	1756	835	1053	950	771	796	819	876	463	556	1073	494	640	1202	1112	662	1430	1393	1002	576	786	1338	460	417
S3.2.ribosomal_protein_L3_rplC	142	445	463	578	716	745	722	574	454	517	348	181	141	160	217	195	284	155	143	392	658	369	322	336	319	358	450	366	797	892	1037	1282	286	287	200	265	179	294	405	361	636	1125	575	204	774	765	936	885	396	400	1030	304	383	270	417	538	482	753	373	460	439	323	352	370	370	232	276	423	216	305	508	456	298	510	568	382	267	346	546	202	154
S3.22.gatD_arch	91	159	167	346	184	156	135	456	164	155	182	59	43	41	28	43	70	18	85	83	111	56	51	76	56	38	81	57	190	172	238	264	71	56	66	74	49	71	83	65	339	304	157	94	226	255	250	235	117	136	200	62	81	66	147	112	147	177	85	72	81	62	65	64	79	47	55	89	55	56	117	108	60	102	113	164	60	59	106	41	34
S3.23.KOW_elon_Spt5	14	105	116	105	129	144	119	155	99	106	81	19	21	28	16	18	20	12	19	71	118	31	26	60	39	41	38	43	177	212	184	187	46	55	35	56	38	65	76	52	115	180	98	41	132	136	171	130	69	72	182	74	77	34	66	109	69	146	64	84	86	48	51	61	63	36	35	90	57	53	79	90	46	108	118	87	48	74	94	28	31
S3.3.ribosomal_protein_L14b_L23e_rplN	134	437	481	607	758	782	698	581	459	605	380	131	112	115	200	188	237	169	159	457	843	352	363	362	401	402	507	368	860	998	1140	1270	316	271	203	270	204	305	455	415	653	1122	629	254	912	920	965	959	453	412	1059	367	418	271	450	610	495	883	401	464	483	343	356	382	422	215	310	444	229	309	562	501	308	610	565	419	307	363	547	196	204
S3.33.ribosomal_S4e	9	20	28	31	37	64	42	40	19	22	14	11	25	24	13	5	5	13	19	25	48	15	20	9	10	22	15	13	59	69	53	62	17	32	16	16	14	23	25	27	24	108	40	17	75	31	55	52	26	21	56	28	30	15	18	39	25	42	25	25	30	32	17	23	20	20	16	38	20	23	38	25	18	36	47	19	21	35	51	7	10
S3.37.uS4_arch	148	455	559	715	811	752	730	651	494	595	357	195	168	141	207	218	306	130	185	435	822	368	343	347	371	351	468	354	900	1041	1120	1346	327	287	235	311	199	327	428	390	702	1100	609	247	884	859	1037	964	418	462	1135	342	432	293	533	623	544	830	426	505	447	391	381	407	439	205	293	475	228	346	592	482	328	589	587	402	283	396	622	172	179
S3.38.ribosomal_protein_L5_rplE	130	433	529	658	763	774	696	611	471	616	383	208	140	133	232	220	295	146	169	441	810	363	337	435	335	359	483	340	851	1029	1091	1330	321	284	213	289	208	317	478	411	718	1093	647	233	882	861	1009	919	450	461	1087	362	408	299	483	613	523	812	401	498	443	338	365	395	447	211	288	466	227	313	537	505	331	622	574	421	289	367	547	204	181
S3.39.ribosomal_protein_L6_rplF	161	421	509	620	782	766	680	584	510	564	367	244	145	175	271	244	278	170	178	423	807	353	312	393	369	400	444	321	889	978	1128	1189	323	306	217	305	188	288	369	367	679	1175	655	198	964	908	1150	983	480	425	1092	334	401	315	470	629	491	850	412	510	442	377	372	363	421	239	311	481	250	344	578	514	296	578	541	408	280	332	631	169	190
S3.4.ribosomal_protein_L16_L10E_rplP	127	419	450	616	745	659	643	580	472	595	355	281	164	180	265	245	304	138	172	445	745	330	340	370	344	380	447	341	819	973	1042	1259	348	273	222	300	220	312	441	387	691	1142	655	225	896	849	988	980	442	385	1025	332	367	250	491	602	488	747	385	450	434	344	357	388	397	207	270	418	222	293	575	440	321	556	535	383	267	338	582	187	188
S3.40.ribosomal_protein_L11_rplK	130	383	475	541	767	739	707	564	466	534	318	189	108	132	205	194	287	159	141	497	869	373	362	331	407	396	504	378	805	957	1117	1279	277	263	197	270	170	264	283	325	557	1058	561	212	877	820	937	879	409	400	1158	295	402	293	503	601	497	882	407	497	437	342	363	415	390	210	276	463	248	317	516	512	288	572	572	387	298	382	561	171	173
S3.41.ribosomal_protein_S10_rpsJ	161	402	467	551	676	703	639	542	464	547	369	178	135	153	206	179	272	143	149	403	765	326	319	370	362	312	450	347	799	950	1008	1176	279	274	189	270	178	242	477	381	630	1047	508	256	713	722	879	841	396	391	995	344	385	238	359	546	393	660	377	431	406	324	290	344	376	212	223	375	210	286	444	389	288	590	547	391	248	355	493	205	168
S3.42.RNA_pol_A_bac	149	457	525	634	803	820	820	646	581	661	392	199	144	163	235	193	262	162	146	497	837	373	353	388	422	461	537	428	957	1177	1298	1418	362	314	241	342	226	305	447	485	622	1261	584	220	1021	844	1158	1239	471	455	1286	392	438	312	513	629	508	926	440	507	452	385	414	437	483	254	309	509	277	343	617	529	347	722	655	485	333	410	622	196	211
S3.43.TIGR00042	177	438	523	720	768	779	720	757	533	551	417	186	107	112	193	182	243	174	203	449	721	359	316	274	378	363	465	347	791	952	1076	1250	284	254	187	264	176	235	402	384	610	923	483	195	726	696	847	834	346	505	1194	290	462	307	453	624	525	732	401	497	492	378	323	445	480	242	274	427	221	330	500	423	346	539	597	386	296	389	536	158	123
S3.44.alaS	149	475	624	750	802	790	760	828	574	614	419	187	116	136	205	148	249	167	173	506	755	350	358	415	417	389	495	406	892	1087	1118	1380	371	294	214	296	215	286	405	424	724	1216	629	210	940	842	1075	1113	479	497	1197	338	520	323	564	699	599	970	405	517	515	438	423	469	469	239	349	551	260	335	602	545	330	517	602	420	325	419	649	163	166
S3.45.NusA	146	444	542	696	789	728	729	722	534	592	391	184	108	116	248	195	298	163	200	492	716	359	327	374	379	351	502	362	871	999	1096	1279	308	243	197	267	193	254	487	406	647	1075	562	208	765	826	967	866	376	431	1084	323	427	282	496	621	478	808	363	500	448	343	331	399	427	211	288	449	246	326	543	471	316	538	593	406	278	385	531	129	149
S3.46.pheT_bact	159	459	552	696	785	749	652	745	560	604	407	194	101	127	229	183	258	167	175	428	666	377	323	358	404	360	468	345	810	983	995	1386	307	300	206	304	210	273	420	373	667	1023	538	204	673	773	918	896	375	504	1164	342	492	356	486	650	550	814	392	503	515	383	342	454	442	275	276	431	244	322	508	466	332	531	571	418	305	405	631	143	131
S3.47.recR	147	420	597	689	837	750	695	724	510	598	426	190	129	118	196	170	278	156	193	500	705	386	353	401	406	396	458	335	845	1015	1074	1337	315	267	217	322	183	292	363	403	600	1122	589	197	817	839	937	954	421	471	1120	344	454	314	517	620	550	872	379	484	512	361	363	412	443	233	300	456	234	334	550	528	338	528	599	402	296	394	622	152	156
S3.48.rplD_bact	125	432	508	610	714	693	654	567	482	606	356	232	134	134	249	236	297	149	151	451	645	322	325	360	317	342	461	316	832	952	989	1228	302	318	212	301	182	310	341	347	619	1113	579	174	857	827	989	973	466	397	1075	276	425	285	485	591	489	803	359	461	438	328	360	362	392	210	295	462	205	337	542	493	292	476	564	378	278	363	568	125	144
S3.49.rplO_bact	146	438	563	620	747	800	746	597	497	572	344	219	105	102	222	207	271	140	173	477	798	364	322	373	342	364	458	354	870	967	1117	1380	317	282	194	270	192	272	373	372	620	1069	592	177	804	881	949	880	399	417	1174	329	429	286	468	637	494	874	394	501	450	407	368	426	444	208	295	459	235	332	555	456	334	561	546	384	272	376	547	165	171
S3.5.ribosomal_protein_S2_rpsB	150	424	538	637	797	757	700	596	506	594	369	197	144	160	250	240	316	173	157	444	741	373	355	378	351	383	454	359	812	926	1042	1258	330	303	210	304	194	256	474	394	688	1135	637	246	829	845	1000	948	420	428	1070	355	397	283	513	626	493	846	387	490	447	334	358	381	422	226	295	482	216	327	570	463	313	601	582	365	280	356	612	162	165
S3.50.rplT_bact	143	434	543	593	797	790	719	598	528	594	366	231	151	150	263	250	335	181	180	458	812	359	353	414	374	363	463	375	865	1047	1108	1366	341	302	216	276	210	269	500	405	658	1116	624	248	953	874	1123	973	453	436	1105	368	435	295	522	611	540	869	393	501	443	345	377	412	426	229	295	461	253	313	581	503	337	619	557	390	275	411	622	167	185
S3.51.rplV_bact	132	425	495	580	753	762	718	569	479	519	350	181	131	131	200	192	290	147	157	451	766	320	329	326	318	338	415	317	787	1010	1064	1274	314	270	197	265	179	301	433	358	593	1072	581	202	838	856	987	920	422	381	1069	332	404	264	500	599	484	795	385	487	404	352	353	397	382	195	286	482	240	285	558	484	311	539	540	371	287	372	584	176	183
S3.52.rpsC_bact	148	415	474	651	758	712	750	602	489	567	354	190	127	143	207	180	260	133	153	429	862	345	337	376	336	346	468	360	788	938	995	1187	307	266	197	256	212	259	420	387	596	1081	574	215	851	778	985	944	386	391	1082	331	413	273	474	593	487	773	368	475	440	335	376	376	410	217	259	435	243	297	543	467	286	581	537	393	268	376	577	200	225
S3.53.ruvA	149	438	553	725	871	823	771	714	529	642	416	214	110	127	257	199	289	167	189	462	751	332	296	386	338	333	431	365	896	1046	1120	1352	339	335	220	275	206	301	453	421	649	1059	603	192	761	782	946	944	422	495	1231	329	484	337	555	664	555	916	421	550	501	418	402	447	445	273	313	458	244	344	509	527	393	555	632	401	323	438	600	153	153
S3.54.serS	168	464	562	748	778	786	700	722	528	569	437	200	134	140	254	198	277	172	188	454	755	370	378	440	358	410	512	364	869	1068	1208	1391	320	310	212	277	213	286	396	394	765	1123	627	214	934	841	1113	977	435	475	1155	367	476	315	524	635	530	921	433	497	506	383	407	443	462	236	299	524	243	326	594	537	337	584	630	405	292	389	651	192	177
S3.55.TIGR00006	147	452	558	715	834	807	773	742	522	629	402	295	119	128	284	232	316	168	213	457	666	420	347	397	436	415	520	415	911	1209	1269	1425	336	321	230	321	237	309	532	416	706	1176	670	208	923	869	1046	934	416	511	1189	346	482	296	530	632	597	888	429	504	525	407	384	413	451	245	324	471	246	320	612	514	336	593	641	471	324	400	689	156	138
S3.56.trmD	158	438	554	712	775	757	705	717	516	579	399	188	115	129	202	188	255	144	181	488	726	342	331	373	369	387	454	340	854	994	1079	1347	318	284	201	289	189	299	412	400	723	1111	577	241	856	849	1048	958	398	453	1108	311	418	287	493	606	556	869	395	460	460	361	379	400	440	210	290	479	195	318	579	476	356	527	587	390	295	380	606	142	137
S3.57.TruB	141	480	545	761	810	833	723	743	580	629	405	198	145	142	251	206	307	153	199	437	690	369	344	394	385	391	459	377	817	948	1098	1401	310	280	187	279	194	270	422	409	712	1095	571	186	897	835	1025	915	396	497	1176	319	453	326	513	625	553	874	409	494	472	408	366	439	462	226	282	466	224	330	541	493	358	516	626	409	320	404	635	131	112
S3.58.tsf	152	435	515	611	789	738	694	636	516	581	381	183	125	123	199	213	274	157	181	459	709	321	288	376	330	342	435	358	892	994	1082	1284	302	296	224	253	171	282	404	382	599	954	571	167	740	759	887	831	399	453	1056	334	423	301	443	567	480	797	396	512	467	347	332	402	438	238	277	431	240	311	514	431	303	582	558	414	312	370	562	186	171
S3.59.uS11_bact	147	433	559	611	760	767	702	556	451	581	349	215	157	153	259	227	322	172	141	470	824	352	299	335	373	371	497	358	866	974	1069	1325	307	263	197	278	187	263	372	355	593	1010	514	213	841	820	928	891	403	417	985	299	423	292	478	558	439	795	385	481	449	357	345	392	372	207	280	420	228	308	488	469	299	557	518	414	265	340	532	164	136
S3.6.ribosomal_protein_S5	148	451	534	639	755	732	670	639	493	568	354	217	130	144	231	196	268	159	152	415	694	370	329	326	353	348	437	329	859	998	1121	1291	331	301	226	297	187	294	405	387	733	1190	637	217	903	872	1076	947	443	458	1072	298	410	290	476	596	521	858	381	477	452	352	381	410	401	217	298	472	223	297	571	481	327	518	555	392	241	357	607	152	157
S3.7.ribosomal_protein_S7	172	411	504	637	758	715	718	600	468	581	357	168	135	155	211	187	266	131	154	467	765	354	334	384	347	377	462	347	846	972	1050	1325	303	241	204	297	201	303	418	378	663	1095	647	236	780	892	942	947	414	453	1153	320	411	285	500	603	505	771	401	509	469	348	352	392	449	237	273	460	230	307	544	472	316	587	573	405	308	383	638	177	197
S3.8.ribosomal_protein_S12_S23	125	435	528	582	741	725	705	516	475	601	348	222	143	148	196	179	301	163	151	435	783	377	335	378	361	378	521	379	882	946	1097	1296	316	282	208	282	194	297	419	397	699	1085	659	246	995	897	1061	950	507	444	1064	321	419	298	519	650	484	857	417	469	473	353	370	408	420	222	311	475	255	326	571	509	292	618	597	412	286	368	625	194	206
S3.9.ribosomal_protein_S15P_S13e	141	437	486	577	776	723	687	588	439	555	335	245	149	173	263	237	315	157	168	433	786	357	309	354	397	335	514	349	808	842	984	1220	311	295	209	308	201	263	358	355	635	1040	590	217	862	827	997	943	429	419	1082	350	372	267	502	570	478	829	374	478	423	336	379	356	376	200	300	491	211	313	593	483	314	596	525	381	254	354	570	187	206
