ESCG	MetaAn_70	MetaAn_1	MetaAn_2	MetaAn_3	MetaAn_4	MetaAn_5	MetaAn_6	MetaAn_7	MetaAn_8	MetaAn_9	MetaAn_10	MetaAn_11	MetaAn_12	MetaAn_13	MetaAn_14	MetaAn_15	MetaAn_16	MetaAn_71	MetaAn_72	MetaAn_73	MetaAn_74	MetaAn_75	MetaAn_76	MetaAn_77	MetaAn_78	MetaAn_79	MetaAn_80	MetaAn_81	MetaAn_82	MetaAn_83	MetaAn_84	MetaAn_50	MetaAn_54	MetaAn_55	MetaAn_53	MetaAn_57	MetaAn_58	MetaAn_56	MetaAn_60	MetaAn_59	MetaAn_63	MetaAn_68	MetaAn_64	MetaAn_66	MetaAn_69	MetaAn_65	MetaAn_67	MetaAn_61	MetaAn_62	MetaAn_20	MetaAn_17	MetaAn_19	MetaAn_18	MetaAn_27	MetaAn_29	MetaAn_30	MetaAn_28	MetaAn_31	MetaAn_32	MetaAn_33	MetaAn_34	MetaAn_35	MetaAn_37	MetaAn_36	MetaAn_38	MetaAn_40	MetaAn_41	MetaAn_39	MetaAn_43	MetaAn_44	MetaAn_45	MetaAn_46	MetaAn_47	MetaAn_21	MetaAn_22	MetaAn_23	MetaAn_24	MetaAn_26	MetaAn_25	MetaAn_49	MetaAn_48
S3.1.ribosomal_protein_L2_rplB	4.635385048	5.001700723	5.875653718	5.658611523	6.60802874	6.373007785	6.340959476	5.626770806	5.690552441	5.83622675	5.214485004	5.379488022	4.537368749	4.60498117	5.645229174	5.393034718	5.538890806	5.020827217	4.90555354	4.872434111	5.946503584	5.87163092	5.666366806	5.681453263	5.825137628	5.856942569	6.194640818	5.388358184	6.373964871	6.7674762	6.813774905	6.471990672	5.54270852	5.351202044	4.735865969	5.172077477	4.786332365	5.35166867	5.867917397	5.467195494	5.657120952	6.47496562	5.872157201	4.538439985	6.434746056	6.130040867	6.699277811	6.440056335	5.209710812	5.655634688	5.810305457	5.58641592	5.243945781	4.108678598	5.534911141	4.871228216	5.329539728	5.415503561	4.121561351	4.878835673	5.206090783	4.774574247	4.944082098	5.060099686	5.064379008	3.908781158	4.378222165	5.513678252	4.225148005	4.442261517	6.04223563	5.593697794	4.829688409	6.012908228	6.190855695	5.459488009	4.506481245	5.113972832	5.90655425	5.050847231	4.88410871
S3.10.ribosomal_protein_S19_rpsS	4.618914458	4.900323664	5.623969559	5.451033495	6.456866067	6.271690111	6.312864287	5.527787946	5.316262602	5.392398899	5.169814649	5.274473622	4.445711157	4.220613875	5.37201423	5.437785655	5.334646704	5.067639362	4.787407563	4.575407912	5.962065703	5.828867435	5.391796137	5.624035115	5.784696061	5.71787371	6.090820913	5.406000883	6.267494037	6.5958843	6.765178642	6.200620371	5.466753896	5.265893143	4.730206397	5.216628487	4.672863954	5.226950853	5.875168716	5.434027728	5.604795138	6.44557417	5.848646856	4.749728795	6.396276975	5.970298063	6.580815303	6.363778299	5.006551685	5.326478476	5.669583593	5.702603898	5.116052539	4.085889695	5.234242642	4.855885887	5.169892198	5.096134317	4.027319348	4.923447676	5.103907423	4.82096531	4.74420503	4.858353594	4.956098938	3.656842408	4.165349038	5.181000903	4.13401196	4.438380485	5.825861663	5.480499058	4.786546151	6.199557021	6.101203739	5.389965642	4.393013473	4.80627182	5.886646861	5.042908423	5.108973624
S3.11.pheS	4.708920613	5.099200111	5.7617598	5.817175963	6.589973191	6.371204036	6.310092699	6.004876045	5.685110658	5.778918925	5.453028591	5.088607113	4.19572658	4.225896457	5.240727706	5.021828381	5.353893247	4.943676731	5.305391782	4.925212388	5.79599858	5.849340816	5.55740808	5.667364868	5.949505681	5.873356331	6.13875732	5.376032265	6.368767226	6.723899606	6.817604325	6.408259236	5.605268922	5.316719345	4.686991821	5.162733007	4.870814458	5.318431086	5.886012965	5.495946461	6.051692182	6.571591139	6.072312056	4.565523096	6.579501488	6.071613097	6.672387552	6.47526147	5.361593528	5.5770248	5.852580389	5.660126489	5.273363131	3.981769029	5.60805568	4.729500171	5.41336291	5.180502231	4.059249442	4.789338169	5.148701487	4.60297377	4.782734901	5.00674936	4.99501435	3.638411725	4.334166289	5.209336117	4.202698323	4.453677822	5.876436733	5.572146686	4.838895417	6.069371318	6.159275683	5.462605475	4.254306173	5.119131434	5.955782386	5.038299666	5.116148848
S3.12.ribosomal_L1	4.624177096	5.099600379	5.786401868	5.633566284	6.547005508	6.370197991	6.334035076	5.638988293	5.589450387	5.617170202	5.195342953	5.386534154	4.450277462	4.43246034	5.484229968	5.405775262	5.404216046	5.063083088	5.08197094	4.884876585	5.934023445	5.910505107	5.626433493	5.641490154	5.77001044	5.876070452	6.05612416	5.317361159	6.274040632	6.593756412	6.766961466	6.434503252	5.585356394	5.403702093	4.9129509	5.177152261	4.467393475	5.324146113	5.687533979	5.545467592	5.814531427	6.487084558	6.112928608	4.355738563	6.229306515	5.966838269	6.590882235	6.414921475	5.041045382	5.648144778	5.814824828	5.627838595	5.284202741	3.903589526	5.441677198	4.850968505	5.4361381	5.202397753	4.089963044	4.871584476	5.117843637	4.783777386	5.05505108	5.094433986	5.026086878	3.941095373	4.285542548	5.307942878	4.224381608	4.581510581	6.00583293	5.52178193	4.852296794	6.17753074	6.132807251	5.427904454	4.577664832	5.098621823	5.874457202	4.990780831	4.821988391
S3.13.ribosomal_S9	4.478963122	5.169183291	5.848301022	5.581051006	6.627231637	6.462150672	6.376714226	5.735409936	5.481399627	5.84271212	5.203525926	5.351104993	4.429968159	4.361530142	5.4784546	5.290586064	5.551830542	5.073974665	4.966707492	4.982393314	6.047484554	5.831698804	5.492312075	5.573514352	5.89203094	5.898529216	6.143233611	5.328222366	6.308136521	6.733628612	6.795945942	6.349208501	5.55417149	5.298289142	4.879733841	5.200382646	4.592291902	5.324447917	5.805140713	5.525815659	5.651578738	6.469975416	6.120553334	4.485671115	6.424809685	6.137862957	6.664602005	6.399364594	5.105233196	5.710467033	5.842058034	5.540332166	5.278146226	4.098531357	5.721856688	4.864026494	5.431839666	5.363315412	4.104130715	4.979770629	5.247553282	4.681411133	4.870160489	5.123004581	5.129188443	3.610729654	4.178676654	5.37600222	4.167432716	4.442871949	6.003813642	5.641200408	4.995887076	6.103013747	6.230191463	5.517867455	4.593195499	5.126504476	5.902955126	5.073307574	4.812396262
S3.14.hisS	4.723497576	5.190608968	6.031351929	5.940992268	6.689764019	6.555537788	6.471298834	6.199359861	5.642545647	5.823596106	5.419930143	5.195871866	4.19075955	4.20580338	5.224647822	5.221393956	5.503235872	5.00027047	5.080730514	5.04695084	6.142585163	5.820777613	5.71766691	5.612976724	5.860675553	5.841961442	6.118753235	5.38049689	6.496456577	6.906016449	6.939881568	6.619304326	5.711151863	5.493610316	4.845005674	5.434116748	4.931816057	5.490942495	6.040603467	5.734636974	6.162056834	6.634156247	6.194341578	4.588943634	6.594369223	6.205098466	6.741736109	6.56530387	5.248829681	5.801663384	5.925441445	5.817743318	5.542700433	4.388140898	5.605903294	5.017808584	5.517653499	5.489703794	4.333787958	5.121264468	5.348245152	4.980662775	5.194845878	5.30505768	5.246832462	4.072118183	4.676637857	5.444958814	4.379511808	4.696497967	6.186462293	5.795978533	5.107469769	6.260884662	6.357947506	5.701877579	4.573225544	5.315991806	6.046471773	5.002608487	5.172262158
S3.15.glyS_dimeric	4.276157067	4.810749952	5.188585061	5.403260791	6.041983834	5.986818673	5.889019105	5.783748535	5.468950373	5.620568148	5.100028051	4.405988191	3.552393848	3.712139896	4.648862307	4.360219664	4.368467301	4.440759012	4.44337316	4.333221728	5.603516695	5.347021338	5.246547377	5.209626452	5.281371018	5.360684789	5.575123798	4.429507878	5.946747598	6.279967814	6.327934789	6.113928505	4.823466601	4.887323529	4.321876607	4.934883971	4.383360719	4.890876353	5.236157519	4.876551158	5.724106236	6.009327209	5.493274961	4.208374964	5.85880821	5.793249309	6.117557014	5.65473568	4.588385227	5.24490635	5.466390842	5.482158463	5.072332972	3.8833606	5.055605046	4.573784161	4.801418446	4.907116534	3.98399898	4.760890672	4.82719348	4.484895633	4.902734586	4.823066071	4.778635046	3.673712855	3.968287664	5.159574395	3.90447206	4.311106154	5.483775604	5.442368983	4.434745865	5.80879198	5.768071309	5.218153978	4.174721017	4.974824741	5.791031082	4.68583378	4.762627334
S3.16.SRP_SPB	5.22026617	5.507793071	6.409051985	6.265941954	7.087655844	6.824591696	6.819549053	6.486617657	5.97907246	6.259063913	5.82862289	5.606279504	4.618343009	4.810943436	5.638704782	5.555757539	5.677818154	5.3013734	5.62772564	5.437080337	6.368087468	6.169041969	5.874473059	5.760212411	6.072523248	6.0297557	6.335112047	5.322363269	6.664824517	7.065586029	7.274445487	6.812954875	5.981232081	5.757392384	5.290860037	5.700510137	5.383903819	5.747517951	6.341032776	5.993829743	6.552855162	6.947424118	6.337003169	4.957595597	6.714524711	6.521094167	7.09634213	6.849577809	5.559000417	6.205829416	6.331449697	6.062411332	5.881290309	4.848741286	5.810067989	5.577806775	5.898969537	5.91460852	4.728952879	5.535113352	5.701606238	5.406397061	5.485407896	5.72276226	5.699356725	4.429020027	4.968843799	5.819407019	4.694904908	5.188246663	6.445242625	6.099229842	5.561910386	6.584080637	6.683274974	6.054163236	5.096853086	5.648885891	6.400321203	5.529924842	5.324748439
S3.18.EIF_2_alpha	4.424469705	5.870692909	6.580191439	6.552077708	7.280670391	7.095915181	7.188158902	6.640143852	6.500329253	6.672677947	6.151631771	5.358339949	4.49632524	4.81336575	5.350006208	5.216645009	5.158889665	5.040961369	4.73417178	5.449416982	6.684900427	5.808179954	5.50077845	5.554581217	5.831070286	5.947716913	5.869869553	4.963167576	7.239758735	7.510550986	7.648389128	7.180894289	6.213348304	5.978772026	5.886186923	6.083163076	5.727899857	6.037163009	6.746238222	6.571484258	6.629899191	7.397784366	6.824855644	5.199310277	7.311032566	6.734017624	7.509992279	7.426342224	5.950052401	6.386745094	6.497690066	6.557183321	5.967258445	4.54675108	6.027885633	5.513194229	6.065750143	6.004266395	4.814485339	5.570636691	5.733977473	5.51282717	5.65903014	5.705023042	5.672814746	4.423039747	4.704103105	6.201584083	4.82095604	5.116078896	6.640699182	6.33264329	5.667116585	7.104657328	7.087503286	6.554630788	4.970237825	5.861543398	6.719025524	6.047151492	5.914263009
S3.2.ribosomal_protein_L3_rplC	4.528202857	5.021791531	5.646956299	5.493073325	6.437345667	6.347544132	6.372459355	5.687096826	5.450748561	5.594576579	5.12910733	5.103158491	4.417022295	4.509408778	5.327308442	5.228387564	5.481251589	4.992744414	4.651290465	4.748476802	5.897481858	5.846487907	5.569263732	5.499095284	5.691877134	5.792343946	6.045832538	5.266131599	6.246554904	6.545060839	6.741454835	6.479232941	5.400385052	5.352113834	4.775421611	5.202744881	4.711614377	5.418962256	5.79122915	5.427976934	5.893519567	6.57404489	6.015152218	4.541732366	6.279796566	5.981144955	6.587514044	6.394787408	5.027400221	5.298764865	5.791214493	5.555540362	5.213194613	4.041727056	5.319707836	4.705501379	5.275410487	5.268698893	4.01999729	4.788981728	5.22012488	4.78969252	5.027955094	5.071731672	4.977127155	3.829830932	4.299645047	5.352147184	4.087866385	4.419379051	5.956413994	5.57302346	4.899926156	6.07940416	6.154800563	5.409001607	4.260462693	5.067185263	5.737434081	5.257416601	4.865316356
S3.22.gatD_arch	4.255642753	4.4291903	4.900751884	5.235350032	5.153645777	4.884357306	4.780850929	5.491012696	4.846071172	4.631617052	4.593493723	4.038371665	3.123227199	3.197623321	3.319492576	3.745049407	4.19326725	2.857102837	4.385610895	3.344560648	4.289120636	3.978820032	3.892231692	4.236435682	3.967097347	3.599373744	4.367063399	2.585628134	5.069893047	5.061059386	5.38509623	5.215774604	4.165344648	3.958605682	3.676021094	3.852267585	3.224571809	4.0613212	4.257015632	3.97520804	5.196091211	5.39541874	4.787379883	3.866915224	5.085090323	5.188511506	5.298396061	5.153839119	4.092790573	4.706813823	4.053544931	3.997690613	3.780716469	2.825786484	4.334807711	3.133206212	4.135421424	3.848085311	2.531257462	3.035504036	3.733393948	3.079686224	3.590718556	3.805352555	3.913020016	2.745307296	3.054702069	4.023625156	3.433148441	3.399490007	4.414700692	4.381385548	3.163808782	4.504604637	4.665668451	4.711157091	3.257844809	3.109234358	4.481923338	3.278330143	3.455179007
S3.23.KOW_elon_Spt5	2.553237003	4.2790735	4.615981467	4.055261258	4.827066412	4.825683526	4.596498537	4.673326273	4.561761807	4.449692887	3.657210505	2.926417555	2.968391892	3.087808637	2.772588722	2.871476118	2.688567843	2.48490665	2.944438979	3.330916696	4.131821888	3.412489721	3.032446251	3.904835437	3.633185802	3.619939553	3.619564736	3.640877632	4.872532384	5.201771819	5.124765304	4.812613864	3.578671785	3.883657513	3.065395296	3.546378345	3.27863635	4.100577826	4.209486986	3.173993735	4.329108448	4.875224517	4.409969198	2.98893498	4.627188933	4.350998552	4.92092172	4.645969889	3.713323921	3.894568208	4.859635793	4.061937382	3.87239622	3.002113501	3.53953716	4.454748849	3.632740086	4.615783377	3.916797164	4.200019362	4.093818788	3.660973912	3.688755515	3.902882204	3.704859329	3.314844044	3.286677442	4.127288345	3.782189872	3.703851012	4.113889836	4.231552241	3.506425687	4.504912567	4.623843195	4.137763598	3.47398284	3.977519715	3.968043609	3.319492576	3.388650783
S3.3.ribosomal_protein_L14b_L23e_rplN	4.22975912	4.963631943	5.656236505	5.571771684	6.52585344	6.3669155	6.259719123	5.619490283	5.310328737	5.633811086	5.1762873	4.83739439	4.231581526	4.237274265	5.270393691	5.194401719	5.330342108	5.04251956	4.802931145	4.694344738	5.906325635	5.772523215	5.576533446	5.593457984	5.906663892	5.936615013	6.137786431	5.380711757	6.310392025	6.659797122	6.840458942	6.433498728	5.450426865	5.126089322	4.850918168	5.04255569	4.703778241	5.345683791	5.927645322	5.524484762	5.701912892	6.496330836	5.919742827	4.709038545	6.441653073	6.111505942	6.578545918	6.456205341	5.129125971	5.423177594	5.827603188	5.735441977	5.266765362	3.914977897	5.336486841	4.798482962	5.18522776	5.201785459	4.085881872	4.752282729	5.152314641	4.682406188	4.845592941	5.091559888	5.012307934	3.62975365	4.143130446	5.234426089	3.790311389	4.381361165	5.965300405	5.540942565	4.814998733	6.138200817	6.145379664	5.548128546	4.44875292	4.936964905	5.82903244	5.178884645	5.198144614
S3.33.ribosomal_S4e	2.163955657	2.94700477	2.885793651	3.305582183	3.584907377	3.971819771	3.55115342	3.643678229	2.390461546	2.948118481	2.507674583	2.397895273	2.920548333	2.747892691	2.564949357	1.609437912	1.549826046	2.540036304	2.878218307	2.605074902	3.615071305	2.5292949	2.788853552	2.022808529	2.302585093	3.075220548	2.639340587	2.406159575	3.927187721	3.927668011	3.643943333	3.935307931	2.622498229	3.429486232	2.736339051	2.772588722	2.566598918	2.951559416	3.103538269	3.019001283	2.993521307	4.293171745	3.399195554	2.171693828	3.962530735	2.752251644	3.818549183	3.674504481	2.801140656	2.968391892	3.762393153	3.236945348	3.157586136	2.579843965	2.660662535	3.461118433	2.133129656	3.436380647	2.832382277	2.955936745	3.267852598	3.336211785	2.542404209	2.925170364	2.897668095	2.900980467	2.663328621	3.37119652	2.767022906	2.955980476	3.497327666	3.064322034	2.256642689	3.48696934	3.776539179	2.846323859	3.044522438	3.467790535	3.818384493	1.945910149	2.302585093
S3.37.uS4_arch	4.676118709	5.078308056	5.767531185	5.753178027	6.572579922	6.325630461	6.332595805	5.790026298	5.58114729	5.749728243	5.206695638	5.2093211	4.678201675	4.363361095	5.295894664	5.321382073	5.340144175	4.799887203	5.09485052	4.778541155	5.937887198	5.814290985	5.583423142	5.494491926	5.853171613	5.791846152	6.080214012	5.292585172	6.420017126	6.721069277	6.841897644	6.51743262	5.527214596	5.309980252	4.93318004	5.332743758	4.760249093	5.567059087	5.879718778	5.525009784	5.710350633	6.553663508	5.891630086	4.660446872	6.34911512	6.130070302	6.670392548	6.458103913	5.072468086	5.619430726	5.803720241	5.687514784	5.234763617	3.956091262	5.569965309	4.697344034	5.308083724	5.225979877	4.088759397	4.890287944	5.157668041	4.786338175	4.85992628	5.135002295	5.132793038	3.574911709	4.281816201	5.28658903	3.971797042	4.608454201	6.074369161	5.514831983	4.943370145	6.102862566	6.166482203	5.541643864	4.268140891	5.184375102	6.048120028	5.028388856	5.072751032
S3.38.ribosomal_protein_L5_rplE	4.397558418	5.028825556	5.784489728	5.640777396	6.54575367	6.327870445	6.247454468	5.687740409	5.469556559	5.801261925	5.195087545	5.246949482	4.335412776	4.310001042	5.415252962	5.352858112	5.541479269	4.894701057	4.885966239	4.778715354	5.990812633	5.815943287	5.516163838	5.760542618	5.757510617	5.820251035	6.084610391	5.316443478	6.248206707	6.668083986	6.736619887	6.407292953	5.460054865	5.285278201	4.905240281	5.246784095	4.700385577	5.412565056	5.992652777	5.565639729	5.455562155	6.498595485	6.136359997	4.503835718	6.385435409	6.082553333	6.630844322	6.409105384	5.096457409	5.637719969	5.769655742	5.706710984	5.163817981	4.076431783	5.418725065	4.925101749	5.312020654	5.143291969	4.057176944	4.871649899	5.079078283	4.746671378	5.026724883	4.998257347	4.982513289	3.761504897	4.265965704	5.330309543	4.105868479	4.345577894	5.908598422	5.638948521	4.921311928	6.224818917	6.118222846	5.515448049	4.375914315	4.995287281	5.864020897	5.239763772	5.015647279
S3.39.ribosomal_protein_L6_rplF	4.636951438	4.979984501	5.749205071	5.548358319	6.542372974	6.357933705	6.258309845	5.666477013	5.526483722	5.694370593	5.21289507	5.437603266	4.232874297	4.572660129	5.560859031	5.437847613	5.306173746	5.067302158	4.884325726	4.6840554	6.03681751	5.750101261	5.43553257	5.634563458	5.840504732	5.929872299	5.979937134	5.077818734	6.359740847	6.642497423	6.838490242	6.343147956	5.470139691	5.354901919	4.746270106	5.254592344	4.537104406	5.344787602	5.747305562	5.427818373	5.869239572	6.536687232	6.038910739	4.352712008	6.485458108	6.047626116	6.726495258	6.476818354	5.235976643	5.374190269	5.828635978	5.648862871	5.144428694	4.184624869	5.353421673	4.851446369	5.056899518	5.37693269	4.15601432	4.937089096	5.1598841	4.808572812	4.992758212	5.064414214	5.164398898	3.849993665	4.466770269	5.460353206	4.148999769	4.562194854	5.995275463	5.591815318	4.727838666	6.145380672	6.040169948	5.562842355	4.406028972	4.964543607	5.890405571	5.045835695	5.141450835
S3.4.ribosomal_protein_L16_L10E_rplP	4.354206477	4.980588178	5.492565267	5.677053924	6.492628081	6.204665163	6.191066183	5.610623952	5.457231507	5.789451049	5.088089905	5.54126101	4.430604171	4.590402367	5.497569844	5.432035678	5.379902244	4.876315007	4.949832408	4.769232394	5.870064767	5.709575719	5.547472921	5.585121631	5.78048776	5.848924388	6.029585745	5.217803742	6.294552204	6.638819451	6.783963102	6.309440814	5.57039448	5.174103415	4.845566956	5.169675012	4.891333025	5.392531544	5.918134132	5.526164054	5.527754723	6.530616137	5.83102735	4.527603796	6.45170914	6.073599756	6.606161717	6.468601488	5.090310013	5.422297834	5.665521322	5.653827767	4.984518131	3.537578971	5.424968055	4.687286155	5.18228528	5.02858493	3.819164042	4.598662603	5.011032325	4.56406497	4.881621696	4.950809781	4.950743579	3.603138414	3.9923177	5.125593217	3.922767062	4.193616461	6.009284725	5.442790158	4.972905909	6.017855853	6.093065662	5.449363109	4.119533319	4.974840619	5.877740589	5.194643656	5.129398484
S3.40.ribosomal_protein_L11_rplK	4.410865477	4.854431527	5.522518723	5.310605283	6.515239572	6.279967072	6.275269152	5.528443794	5.325858931	5.509286152	4.949643751	5.190097367	4.334606998	4.41018072	5.2621871	5.222470306	5.395011166	5.017707005	4.461822474	4.704697579	5.997610904	5.731589706	5.67353924	5.596631297	5.944554765	5.885184379	6.147987601	5.156268172	6.240901226	6.608528343	6.829710603	6.436207191	5.364395495	5.244528182	4.756899199	5.153494667	4.619956702	5.302355578	5.545279796	5.337664447	5.723963444	6.469197617	5.995313579	4.512171619	6.366844447	6.026514271	6.541567018	6.382321263	5.119064305	5.534018669	5.890965405	5.521355649	5.194458599	4.00879786	5.421986987	4.721040677	5.343907641	5.013335101	3.954036548	4.846366165	5.233802906	4.513217394	4.734456428	5.251093026	5.075983564	3.605342094	3.82328947	5.261809221	3.950632936	4.511404312	5.909737872	5.537589304	4.84508442	6.147231598	6.100553036	5.424703852	4.465324371	5.124841965	5.986388511	5.067279508	5.026494677
S3.41.ribosomal_protein_S10_rpsJ	4.687393313	4.870661511	5.539764457	5.326104375	6.338979241	6.249431831	6.179983472	5.482106843	5.430744771	5.577506294	5.163803088	5.111351148	4.310380784	4.585797807	5.225258381	5.142651288	5.270658931	4.896548102	4.719529774	4.568589182	5.81877353	5.676770089	5.487530139	5.629307299	5.814477362	5.646950033	6.016546601	5.243515407	6.276228686	6.61315816	6.688563733	6.345721808	5.282272839	5.145228639	4.601348292	5.078264222	4.525065105	5.02848049	5.947313954	5.425260123	5.854811437	6.44703468	5.920408456	4.553572195	6.197962824	5.808326188	6.526728083	6.273529094	5.13952311	5.272255075	5.486274926	5.640428224	5.048559558	3.541959273	5.028820817	4.500560351	5.121038733	5.070068409	3.786240473	4.518923384	4.908084904	4.437714053	4.766880031	4.815600414	4.864234509	3.563331959	4.128820249	5.150717643	3.584127526	4.235242951	5.493974052	5.29090467	4.77922302	6.133745295	6.037886251	5.509814446	4.114610514	4.948071018	5.7642875	5.244627271	4.915369405
S3.42.RNA_pol_A_bac	4.579231169	5.035084812	5.568294853	5.499179324	6.531445943	6.376448954	6.478232314	5.793094435	5.69009556	5.917190546	5.257066384	5.242371988	4.412310285	4.677062896	5.392125755	5.140410162	5.266154899	5.021705276	4.627929486	4.81169649	6.042534857	5.854752825	5.624909862	5.695267436	5.979751831	6.067095464	6.201687532	5.502556432	6.481703455	6.887842283	6.944538055	6.490264233	5.601750186	5.329228054	4.939533673	5.392800439	4.988699233	5.223678341	5.93570987	5.763467186	5.953814241	6.687877045	5.998131615	4.621783539	6.562306828	5.956295329	6.780327187	6.692678827	5.138380247	5.601682998	5.855513088	5.805692082	5.183721373	3.840263041	5.331886347	4.570037883	5.288782909	5.034375062	3.912480822	4.721665614	5.019158712	4.664235007	4.937331132	5.032883791	5.126500305	3.783457419	4.035050489	5.291417273	4.144776607	4.429366266	5.970859734	5.542478669	4.965837299	6.334792969	6.297275174	5.683741154	4.430345095	5.077839174	5.906523361	5.163901482	5.239036532
S3.43.TIGR00042	4.809629409	5.04610339	5.77720474	5.795226094	6.557994688	6.38305091	6.334215017	6.137675589	5.649608718	5.682958755	5.389941438	5.158263203	4.229592629	4.312532153	5.239639264	5.153056899	5.349510552	5.108547146	5.193760255	5.060184543	6.040675376	5.816228669	5.491005826	5.380122705	5.87420706	5.836232609	6.096628474	5.299811452	6.237305504	6.620101499	6.820630781	6.378135843	5.446286508	5.250983033	4.683677073	5.216895965	4.75452399	5.203612057	5.85262637	5.516711591	5.983687075	6.406177559	5.934320055	3.807864731	6.261693227	5.967212916	6.503223883	6.386963115	5.116145664	5.753964414	5.910808059	5.543126389	5.237012115	3.984849566	5.44543602	4.821350989	5.479205479	5.239293834	4.045528434	4.859263024	5.200452837	4.678549121	4.872068503	5.081879096	5.070289353	3.677092506	4.285752436	5.266309923	4.134144494	4.318380225	5.954726798	5.536409141	5.017806193	6.103951683	6.225155517	5.573526768	4.297301176	5.090136555	5.990215118	4.971465624	4.788862845
S3.44.alaS	4.677228368	5.23956264	6.08135926	5.809684998	6.622293266	6.390269191	6.407248275	6.216984379	5.746335935	5.786839405	5.398040567	5.129557291	4.068165035	4.399394069	5.299425912	4.956005819	5.345545901	5.070947679	5.048710789	5.033209208	6.048429619	5.786384971	5.692969359	5.735356455	5.972898703	5.909406562	6.148887908	5.442828504	6.403450376	6.790634469	6.850155299	6.47876169	5.719066903	5.359344367	4.840645064	5.197947272	4.908384283	5.410296772	5.853614264	5.677044445	6.117458031	6.654872909	6.154326765	4.397329275	6.520666896	6.055871997	6.697189937	6.614374045	5.109928466	5.777870724	6.007703773	5.671050775	5.533693111	4.390565293	5.603365114	5.189231138	5.441517041	5.647859878	4.332729318	5.051455154	5.46700286	5.084361318	5.208973846	5.3520642	5.294295424	4.060876499	4.647789145	5.623059842	4.682315407	4.701854874	6.069682704	5.781495824	4.944725999	6.109485207	6.207406551	5.581420165	4.63854312	5.185682366	6.048722566	5.028616267	4.978243673
S3.45.NusA	4.659207413	5.017780488	5.815115775	5.697543355	6.552360528	6.287498478	6.338153083	5.96528802	5.628363626	5.759795195	5.227893788	5.153885238	4.098602862	4.306162966	5.47355495	5.247298365	5.535808712	5.03952061	5.166716468	4.797122094	5.886144406	5.815423707	5.558952849	5.660378386	5.860960099	5.776938524	6.121040542	5.427849067	6.360966039	6.666085711	6.781919619	6.252815201	5.413388268	5.082156926	4.795426365	5.075693252	4.691531808	5.083314127	6.029108741	5.559691585	6.00032639	6.511490351	6.034320781	4.173169538	6.295454317	6.135800993	6.62124106	6.356699538	4.953367506	5.570755619	5.749352599	5.617223739	5.243921185	4.147004651	5.306490062	4.970157707	5.250452546	5.312585625	4.124577797	4.977926441	5.10038397	4.854608287	4.80221074	4.988560801	4.949396982	3.818102518	4.386360369	5.263786888	4.275089133	4.584346752	5.875600569	5.556354727	4.902621292	6.126771523	6.211686512	5.535997082	4.394843845	4.995198172	5.730280405	4.80863567	4.908656437
S3.46.pheT_bact	4.752632469	5.129782952	5.876276209	5.713071638	6.585135192	6.404432181	6.262564653	6.133293711	5.751735993	5.833686333	5.34917157	5.206780217	3.832196579	4.215366436	5.417100432	5.162897137	5.381109404	5.04574456	5.003886001	4.843414098	5.955635389	5.862251616	5.5648395	5.601922302	5.947454848	5.829127132	6.095265692	5.216975092	6.320051268	6.692993648	6.755948285	6.547515838	5.556875748	5.275983291	4.877613722	5.310900566	4.817720736	5.299285178	5.898291859	5.486063661	6.032265091	6.481242471	5.99850056	4.571732145	6.208934864	6.127479858	6.597626129	6.444923814	4.971188313	5.824863286	5.928969867	5.669854886	5.376569602	4.3525672	5.576709672	5.037089619	5.499373885	5.703279253	4.138593973	4.97459973	5.370823814	4.887715741	4.995869862	5.209411014	5.086810919	4.06083788	4.5503929	5.521053988	4.45928012	4.482763725	5.900716903	5.717309914	4.932367371	6.095317229	6.178068419	5.557386413	4.497186501	5.185344584	6.121307008	4.864138995	4.804197468
S3.47.recR	4.573211458	5.037055116	5.980917916	5.715111162	6.620286132	6.369692968	6.257943853	5.959417886	5.611598872	5.830823324	5.467541406	5.154700222	4.332687719	4.29083945	5.267090637	5.102283738	5.381079462	4.961757412	5.159222472	4.935263297	5.839108011	5.9027035	5.676538585	5.728621189	5.95677274	5.925817646	6.066327095	5.032772167	6.312905251	6.694775594	6.748534856	6.395016793	5.477528586	5.219172843	4.888525437	5.380609292	4.625744678	5.435875329	5.749130543	5.559387347	5.919779054	6.542616637	6.060349429	4.177202873	6.383107568	5.938736503	6.526377718	6.490483039	5.004628978	5.705467129	5.846318733	5.708535501	5.236420171	4.0641744	5.507471185	4.77113251	5.334994067	5.355043716	3.899349149	4.820247328	5.353290796	4.662581502	4.959158265	5.053445555	5.082604104	3.614709923	4.348118196	5.375374953	3.973161039	4.473625531	5.99419231	5.732996168	4.840602201	6.068708414	6.206403827	5.536154036	4.34015879	5.216090758	6.014319111	4.934008908	4.914709308
S3.48.rplD_bact	4.317352123	5.15104459	5.662334252	5.57240822	6.455973675	6.214080013	6.207001172	5.650477634	5.55070044	5.815797558	5.149584441	5.36881912	3.988810452	4.277317251	5.479243298	5.418841799	5.339170892	4.964066116	4.765561632	4.891890567	5.825489067	5.687465664	5.56657802	5.619489387	5.700534197	5.764340217	6.067166064	5.117281501	6.324411602	6.611856862	6.717844902	6.346544948	5.477746041	5.367248524	4.843967705	5.260336724	4.575270731	5.366319724	5.595358314	5.345770974	5.77910851	6.467024616	6.002629656	4.424194331	6.439636575	6.077340157	6.635141248	6.521289475	5.254120808	5.360375976	5.728208782	5.479354264	5.178588742	4.093272066	5.516446291	4.872261706	5.222230349	5.321755318	4.040477042	4.864665894	5.019802304	4.769610169	5.090176389	4.790614227	4.769648983	3.886834773	4.410867153	5.452297023	4.092187669	4.625796517	5.976467807	5.648447982	4.833152942	5.971832989	6.143892139	5.476842612	4.406243562	4.966392457	5.904427309	4.693152902	4.916690817
S3.49.rplO_bact	4.598808084	5.028021462	5.853677264	5.548805388	6.494589766	6.386638876	6.388165014	5.736348275	5.525307596	5.791182605	5.142617299	5.321652991	4.259282392	4.141009723	5.358281794	5.303240233	5.401977838	4.880002906	4.955007423	4.852370182	6.017740654	5.830409528	5.56806153	5.640826647	5.78519628	5.832415644	6.056067296	5.186427074	6.346564525	6.646255408	6.777327023	6.53401857	5.493363074	5.310753795	4.771879335	5.156915199	4.733449659	5.337908242	5.756991573	5.420263035	5.877875545	6.522793587	6.045779336	4.176887977	6.392596936	6.111874123	6.593146437	6.430372085	4.998671615	5.486042003	5.917296883	5.61635966	5.345988362	4.11603313	5.507811145	4.842645902	5.23250495	5.255126674	4.085554385	4.968143029	5.199610273	4.941380102	5.008245825	5.276220517	5.281750266	3.723328153	4.217050065	5.355593504	4.215300405	4.569631033	6.005989018	5.544006415	4.945942909	6.17074617	6.1196625	5.514351558	4.437042203	5.089879536	5.91784596	5.00757383	5.022084148
S3.5.ribosomal_protein_S2_rpsB	4.662035086	5.086161747	5.758381371	5.599043251	6.55198538	6.339090393	6.288840358	5.693045471	5.583785812	5.792399295	5.196423325	5.225794726	4.265214511	4.510226274	5.458263662	5.405861964	5.493420252	5.102558054	4.818554506	4.732222614	5.918544511	5.833886153	5.617042939	5.56444702	5.793300751	5.880935291	6.02520361	5.244829978	6.321851169	6.574423012	6.721054454	6.385306272	5.501011681	5.359411755	4.730677212	5.244778216	4.711851631	5.180142235	5.983423384	5.394810813	5.649227993	6.534578441	5.580769548	4.396887613	6.339446556	6.021607188	6.663198316	6.46349957	5.126042293	5.550654018	5.763988513	5.703071914	5.262949989	4.463460175	5.424029922	4.98210084	5.15831523	5.248724112	4.180348572	4.998812851	5.189159595	4.846052476	4.836596251	5.161503988	5.155651996	4.060667912	4.319989462	5.308753788	3.893892912	4.643860776	5.953776613	5.52712173	4.844125023	6.143166024	6.164970651	5.419539657	4.502239449	5.006161108	5.981810703	5.028544546	5.015638564
S3.50.rplT_bact	4.501941473	5.008414156	5.798706892	5.554072985	6.568277217	6.373761904	6.326664496	5.679397208	5.572128385	5.727619049	5.221058591	5.354326776	4.362460012	4.382128848	5.504148475	5.482347781	5.540577116	5.143101095	4.962530658	4.834482521	5.983766734	5.811701992	5.627035006	5.696546303	5.860848425	5.814996834	6.071499155	5.391183945	6.318393371	6.70849569	6.830050586	6.390918211	5.546628933	5.29404531	4.857989374	5.102001086	4.617986952	5.151704765	6.044725682	5.462638417	5.455020086	6.543230549	5.828914281	4.753432688	6.43506534	6.066502077	6.715089423	6.433935516	5.004416865	5.462573197	5.835560343	5.770637338	5.243094568	4.096084878	5.487538508	4.802315914	5.330742734	5.192908279	4.221494617	4.978707558	5.190282091	4.773011083	4.891931439	5.193464588	5.160795388	3.760046915	4.344121984	5.237627454	4.237086991	4.53728954	5.926018096	5.594062957	4.875927543	6.147013512	6.119700258	5.482974835	4.343565012	5.249715855	5.923543576	5.042400606	5.141020469
S3.51.rplV_bact	4.295589581	4.94248714	5.664320572	5.395297762	6.505644096	6.375780568	6.351411938	5.485928862	5.469109225	5.513163365	5.113341112	5.152555176	4.323228715	4.314261757	5.261698096	5.188709326	5.483429749	4.92674922	4.78028282	4.925168676	5.974638607	5.669275725	5.59825009	5.528857173	5.714242616	5.766670996	5.939686209	5.077322492	6.238062158	6.672847505	6.757473861	6.455390484	5.524565758	5.227310532	4.697276504	5.120254831	4.678590649	5.394885232	5.894163908	5.332621701	5.764338175	6.461201593	5.900034037	4.128370469	6.360417668	6.088229836	6.573769945	6.416067535	5.130384167	5.370101001	5.761681523	5.67750925	5.117834873	3.827177912	5.474642415	4.766519708	5.366039712	4.919022012	4.060534122	4.821239828	4.906004786	4.705645792	4.817736076	5.134902131	4.929557034	3.505529471	4.121355952	5.276119958	3.976085151	4.350412577	6.011462554	5.604199412	4.89544257	6.101986222	6.070004037	5.434256533	4.447289371	5.077592643	5.936666272	5.118082224	5.047692069
S3.52.rpsC_bact	4.465677072	4.938521972	5.621046018	5.58468557	6.500072189	6.238961268	6.369738639	5.592488249	5.521373469	5.707597936	5.142977129	5.202355895	4.226631703	4.283435933	5.284774265	5.145666037	5.332010489	4.807556458	4.757903114	4.544159936	6.118193029	5.753749054	5.540639803	5.597187164	5.735991102	5.739787549	6.083778887	5.27221806	6.245967216	6.59242597	6.674308971	6.319431126	5.468464792	5.185267799	4.804973479	5.082244807	4.857516442	5.19366779	5.87844697	5.450356978	5.748117685	6.451256442	5.928062589	4.491502494	6.374039678	5.925756767	6.595195531	6.445215603	4.848461739	5.350930777	5.775828224	5.589208862	5.1780145	4.100743745	5.306346182	4.782791941	5.234827572	4.949635841	4.116482045	4.922493813	5.10064586	4.590599676	4.869345761	5.000493269	4.970619351	3.667625754	4.06835598	5.197835673	4.119654703	4.467229743	5.871345281	5.434370508	4.680041512	6.194503531	6.09506455	5.452885768	4.282217051	5.067224161	5.921246665	5.210594602	5.302255617
S3.53.ruvA	4.650389922	5.07168709	5.864253421	5.733266004	6.679842713	6.412775357	6.387268929	5.984199525	5.691233785	5.792052099	5.369651924	5.302349019	4.039302338	4.2953261	5.527428303	5.224625226	5.443727205	5.060533132	5.12522806	4.966275101	5.964801845	5.761133354	5.504752809	5.689154641	5.783657541	5.733337292	5.977765388	5.346320352	6.372508089	6.728570996	6.860872183	6.471354242	5.617333069	5.449974644	4.934303802	5.182865804	4.906662542	5.52321373	5.977105878	5.651187665	5.969189795	6.538590544	6.116833466	4.219718265	6.319584888	6.127840725	6.578736026	6.51592902	5.272686181	5.843940684	5.980854855	5.653251487	5.300771563	4.199350443	5.674744608	5.018188557	5.395429881	5.368588232	4.247056587	5.071515259	5.258565539	4.987130541	5.143965956	5.101643016	5.130802573	3.965731828	4.495018894	5.268524622	4.256540463	4.566930131	5.983655497	5.769763281	5.102318558	6.138443385	6.244178423	5.57811874	4.513642856	5.375800493	6.043604188	4.997311657	4.946161713
S3.54.serS	4.797525084	5.077304373	5.826197133	5.783408313	6.551649368	6.373411339	6.265794231	6.048971342	5.628878858	5.651996284	5.487240643	5.199867258	4.378822429	4.443413384	5.492770204	5.232868425	5.279196803	5.080763701	5.116025061	4.797991036	5.958525644	5.821625121	5.729905391	5.824173934	5.81725986	5.956928636	6.184909485	5.216009217	6.383995556	6.769993555	6.899380223	6.489619512	5.546139958	5.341340307	4.87844006	5.139889475	4.898728685	5.338106978	5.82127775	5.579254136	6.110449697	6.590528646	6.103521623	4.38201196	6.492055167	6.069444363	6.754684657	6.535064706	5.136019279	5.563610759	5.779006814	5.719126078	5.315654331	4.036346562	5.537183886	4.668256191	5.372092272	5.248167926	4.254965294	4.861609595	5.348524159	4.687378115	4.965871323	5.278242067	5.231809463	3.730015291	4.110234337	5.269400588	3.928723904	4.367404868	6.020562308	5.694050022	4.871461879	6.17693765	6.286803157	5.52526149	4.344725556	5.05576395	6.105887419	5.186980016	5.048390338
S3.55.TIGR00006	4.628296018	5.096988142	5.827350949	5.792915152	6.644495308	6.411654946	6.388526239	5.999330815	5.583751741	5.854988748	5.333722799	5.603315727	4.266785214	4.358307274	5.596076695	5.388927052	5.546553713	5.023926689	5.243110535	4.951491363	5.852112033	5.977261127	5.626743384	5.679015308	6.009737774	5.953682571	6.170204905	5.490300361	6.407403062	6.855963585	6.965462456	6.55741134	5.529375028	5.390577727	4.931348159	5.320527497	4.912367416	5.423500422	6.135500397	5.585207604	6.110568163	6.604892078	6.187280227	4.38848735	6.532576321	6.08711135	6.692065822	6.434126632	5.222429456	5.769171564	5.947875002	5.696920282	5.396011636	4.182706276	5.44923005	4.775493612	5.48160467	5.130646522	4.249780922	4.928660548	5.295802442	4.8065864	4.961828934	5.057070009	5.149657076	4.007247353	4.406247237	5.261353299	4.460983494	4.584882109	6.065715697	5.618170624	4.935870831	6.223918946	6.276958314	5.661634149	4.521982667	5.150910129	6.130385135	4.973974058	4.781749349
S3.56.trmD	4.609249176	5.043191141	5.888944551	5.696340679	6.582007954	6.342937844	6.293883206	6.039452775	5.539250633	5.771530124	5.341177889	5.211040854	4.109485216	4.457521106	5.269145323	5.196181712	5.378792891	4.919162588	5.084170945	5.062758672	6.063508867	5.770815274	5.588645165	5.663290534	5.81309689	5.876988049	6.063280294	5.276066119	6.339703367	6.67527838	6.776001018	6.460741106	5.564490502	5.319919463	4.86305551	5.176316394	4.727250403	5.455368048	5.875424094	5.630283206	6.038818584	6.514075921	6.03934973	4.608558242	6.418324229	6.102813303	6.692722247	6.514065521	5.119579349	5.67296988	5.843551667	5.587284324	5.288020539	4.109592832	5.471767437	4.93165155	5.38803123	5.368490555	4.273097822	4.89575009	5.161478613	4.885264825	5.056582688	4.965610361	4.881166758	3.750998524	4.321413143	5.39758876	3.997216535	4.505630446	6.04960278	5.619538311	4.996791	6.108233252	6.20657148	5.530761687	4.365216646	5.042656179	5.982312075	4.904229706	4.829634165
S3.57.TruB	4.418189265	5.256544965	5.875864364	5.899795655	6.626577117	6.446031066	6.35547693	6.110659205	5.776840751	5.889887028	5.372051869	5.243328553	4.441144335	4.459561756	5.490089127	5.280570163	5.541572615	5.00027047	5.203731598	4.934668428	5.912890946	5.836453296	5.639292014	5.745881938	5.877951283	5.914409086	6.068220994	5.321170114	6.281486398	6.593267016	6.805692511	6.594071671	5.542798275	5.234072856	4.817022891	5.178560166	4.776957169	5.272675461	5.920724002	5.593394779	6.050808964	6.535061545	6.04333749	4.083671026	6.458670899	6.129806906	6.682439653	6.49324892	5.168119734	5.802927653	5.953565378	5.611868042	5.311283414	4.130321894	5.526519873	4.978487186	5.393796569	5.43462314	4.184382472	5.03955409	5.259406762	4.941067968	4.966485246	5.13553079	5.133949018	3.946757339	4.449531658	5.388064815	4.319287979	4.600982717	5.971283376	5.628633908	4.922497276	6.102372591	6.231842419	5.529380746	4.533156558	5.173082799	6.035488241	4.753846616	4.62406551
S3.58.tsf	4.724128631	5.078885584	5.741952728	5.545601197	6.565825985	6.317869897	6.316442742	5.727151236	5.675832413	5.765200304	5.228085455	5.134587814	4.175455605	4.153085876	5.258870801	5.33106409	5.429356724	5.016998857	5.025211061	4.916296715	5.884798226	5.684117239	5.384117692	5.645489947	5.734848201	5.776879199	6.015707004	5.199498675	6.386418984	6.678077541	6.756908465	6.481946893	5.481098169	5.316727648	4.931835937	5.083968046	4.57274359	5.340513825	5.867227766	5.419606855	5.89413181	6.462048775	6.039429906	4.187925694	6.279778249	5.995591808	6.538985779	6.352775046	5.094319802	5.564488177	5.689377237	5.672449676	5.163969079	3.836830535	5.456391887	4.640508333	5.402978172	4.865510806	3.945207348	4.760254738	5.191677117	4.519219933	4.687884948	4.927856491	5.016649418	3.691803971	4.06284977	5.158094416	4.077487904	4.312996576	5.918801724	5.427307054	4.859062471	6.223791187	6.146127597	5.513416291	4.329703523	5.072185798	6.001743871	5.168705431	5.048269409
S3.59.uS11_bact	4.472323956	5.00589093	5.781980242	5.51760004	6.484976162	6.308804261	6.29375438	5.589656556	5.393099403	5.712913225	5.156576112	5.28528193	4.623463931	4.48689299	5.513934199	5.371347012	5.483137365	5.104675172	4.533616517	4.701966296	5.984221325	5.769823038	5.438080904	5.521020808	5.850467708	5.82329538	6.117224734	5.255579653	6.312278173	6.626986334	6.743588886	6.46872902	5.438737531	5.165587904	4.791040328	5.179751262	4.644316647	5.165485813	5.74085062	5.398362261	5.325972207	6.441049787	5.465496764	4.698856324	6.389477176	6.025384515	6.541900569	6.419992712	4.747507236	5.472075409	5.709079758	5.505326724	5.194472049	4.15516442	5.284680246	4.75566227	5.266609932	5.083450519	4.134474999	4.888128737	5.171612792	4.817117431	4.88663091	5.036317562	4.892298339	3.686753211	4.348739362	5.205001085	4.071888788	4.532414386	5.803714551	5.473587504	4.905178521	6.04655503	6.068948147	5.58008676	4.361263488	4.957617409	5.866030692	4.980064738	4.817911901
S3.6.ribosomal_protein_S5	4.558416926	5.050669572	5.779788696	5.68485146	6.507678789	6.306839742	6.26505328	5.799507196	5.594940936	5.690398793	5.181676336	5.26164722	4.319393515	4.411435629	5.396253425	5.232701609	5.385508974	5.015978398	4.62579632	4.68659633	5.933301078	5.825079306	5.574894609	5.505064737	5.810166025	5.762299568	5.989309547	5.181203584	6.381992556	6.66184997	6.780726061	6.391793487	5.522732012	5.359375334	4.872721074	5.221936587	4.789145709	5.29340938	5.855430453	5.416542897	5.941841401	6.58559121	6.088611849	4.337355896	6.433721797	6.065496266	6.728301055	6.450021419	5.177426461	5.599718998	5.711950865	5.542592157	5.2151043	4.157092549	5.325249033	4.937866269	5.420873457	5.470216245	4.201230706	4.955875885	5.065676423	4.802406062	5.078639687	4.981929218	4.973972776	3.859630627	4.435331028	5.371238763	4.32122015	4.515052908	5.877969501	5.562460703	4.790633882	6.063387369	6.148223229	5.56785406	4.138204473	5.101839371	5.921348987	4.955316519	4.999849314
S3.7.ribosomal_protein_S7	4.777255143	5.004301834	5.694106861	5.611114529	6.562120999	6.290987474	6.32998443	5.66684372	5.503480998	5.771186546	5.220865378	5.089751657	4.085952514	4.553880222	5.320185782	5.173595585	5.338193746	4.831549687	4.659371583	4.86125394	6.022154169	5.795009397	5.561497783	5.682642192	5.783666923	5.864203276	6.070140568	5.218804673	6.315352618	6.663740813	6.769782077	6.463158503	5.512258901	5.150530577	4.8649707	5.223758969	4.717385925	5.437795324	5.859520179	5.471274655	5.587659189	6.549360928	5.818849842	4.516213224	6.297901602	6.106117791	6.586671732	6.450873023	4.890462335	5.609710549	5.831379022	5.613324713	5.171978331	3.942216469	5.498401536	4.683945281	5.336932613	5.099529577	3.998922763	4.865264468	5.142444916	4.626259263	4.744941919	5.055961456	5.176108592	3.806616798	4.109414254	5.305142606	4.166439205	4.422303681	5.956267364	5.585992221	4.856553499	6.097470666	6.138543454	5.55303833	4.529989782	5.099749039	6.079468905	5.073719096	5.087966283
S3.8.ribosomal_protein_S12_S23	4.157286496	5.032518856	5.785215307	5.45771258	6.491817389	6.301802992	6.321089188	5.465143874	5.412043563	5.767705231	5.075053564	5.324779873	4.503724784	4.575730188	5.228644251	5.129592187	5.456030783	5.024624296	4.662812117	4.723129654	6.010673182	5.855565787	5.511609307	5.644284459	5.82455388	5.863612244	6.204887275	5.448315373	6.397827829	6.640511144	6.823363289	6.375605346	5.478253102	5.321435749	4.790384774	5.214600484	4.756876518	5.378710558	5.87372801	5.517665461	5.35410532	6.478014451	6.009074716	4.674075636	6.411081854	6.084939787	6.625009143	6.454416519	5.129529816	5.623328278	5.849315859	5.605879415	5.27612967	4.346717538	5.437369687	5.089629696	5.241722094	5.218362522	4.376649719	5.041903846	5.355920074	4.878558995	5.002993172	5.301193569	5.197254778	3.821013851	4.398405338	5.363591289	4.150316956	4.713498904	5.945444222	5.59528012	4.789441268	6.218098868	6.21625809	5.51352239	4.495346639	5.067362203	5.995753712	5.186040544	5.223032475
S3.9.ribosomal_protein_S15P_S13e	4.38054606	4.963937024	5.652662948	5.419038453	6.510527259	6.241307935	6.228154721	5.682156298	5.41498693	5.687156873	5.072029773	5.413854618	4.397625898	4.479741925	5.475095555	5.413136485	5.539595223	4.988797702	4.882306543	4.743633332	5.924424384	5.796723089	5.392157768	5.600514149	5.903589983	5.668328569	6.17267578	5.163313302	6.266837376	6.470818621	6.644973907	6.346328481	5.414686304	5.344727485	4.826698522	5.218747986	4.825819394	5.248819634	5.744807253	5.444738612	5.972319081	6.456657579	6.006056192	4.397526244	6.376248985	5.933611863	6.61387849	6.389316614	4.995702245	5.506316963	5.671360119	5.705617994	5.034025434	3.711532427	5.478451259	4.632129757	5.119870322	4.83922317	3.922023012	4.716119313	5.064957611	4.510852329	4.726676818	4.935802603	4.975110241	3.483492582	3.908633476	5.211668895	3.98637648	4.35360854	6.023546315	5.551809919	4.866957731	6.182736637	6.047009292	5.388355651	4.140282921	5.060379618	5.883429734	5.147042507	5.151127779
